time;Lat;Lon;length;width;min_lon;max_lon;min_lat;max_lat;min_max_zeta_850_lat;min_max_zeta_850_lon;min_max_zeta_850;min_hgt_850_lat;min_hgt_850_lon;min_hgt_850;max_wind_850_lat;max_wind_850_lon;max_wind_850
2021-06-25-0000;-29.0;-54.25;15;15;-61.75;-46.75;-36.5;-21.5;-36.0;-51.75;-0.0005736564790330315;-36.5;-51.5;1285.364990234375;-36.25;-46.75;36.31208801269531
2021-06-25-0600;-29.0;-54.25;15;15;-61.75;-46.75;-36.5;-21.5;-36.5;-47.75;-0.0003358432986298713;-36.5;-48.5;1318.6392822265625;-36.5;-48.25;36.425201416015625
2021-06-25-1200;-29.0;-54.25;15;15;-61.75;-46.75;-36.5;-21.5;-23.75;-58.0;-0.00019275263166259422;-36.5;-47.0;1394.3262939453125;-36.5;-46.75;21.756704330444336
2021-06-25-1800;-29.0;-54.25;15;15;-61.75;-46.75;-36.5;-21.5;-23.75;-60.25;-0.00013296676467942716;-36.5;-46.75;1433.948974609375;-36.5;-48.5;18.485248565673828
2021-06-26-0000;-29.0;-54.25;15;15;-61.75;-46.75;-36.5;-21.5;-24.25;-61.25;-0.00015211596141984844;-29.5;-61.75;1459.1160888671875;-22.5;-61.25;26.276716232299805
2021-06-26-0600;-29.0;-54.25;15;15;-61.75;-46.75;-36.5;-21.5;-35.75;-60.5;-0.00033999896297918396;-25.25;-61.75;1444.1934814453125;-21.5;-61.0;24.681198120117188
2021-06-26-1200;-29.0;-54.25;15;15;-61.75;-46.75;-36.5;-21.5;-33.0;-61.75;-0.00035714991285041843;-28.5;-58.5;1442.60546875;-21.5;-60.25;29.44581413269043
2021-06-26-1800;-29.0;-54.25;15;15;-61.75;-46.75;-36.5;-21.5;-28.5;-56.75;-0.0004865853755362276;-31.5;-55.0;1427.3790283203125;-29.0;-52.5;27.347614288330078
2021-06-27-0000;-34.0;-52.0;15;15;-59.5;-44.5;-41.5;-26.5;-33.0;-48.5;-0.0004297246028771651;-34.0;-52.75;1416.731201171875;-33.25;-46.5;27.795839309692383
2021-06-27-0600;-35.75;-51.25;15;15;-58.75;-43.75;-43.25;-28.25;-35.25;-45.75;-0.0007159947040700468;-35.5;-52.0;1378.9285888671875;-33.5;-45.75;33.9239387512207
2021-06-27-1200;-37.0;-51.25;15;15;-58.75;-43.75;-44.5;-29.5;-37.5;-51.5;-0.0007068588233330668;-37.75;-51.25;1350.4267578125;-32.75;-44.75;30.664880752563477
2021-06-27-1800;-38.75;-52.0;15;15;-59.5;-44.5;-46.25;-31.25;-39.0;-52.5;-0.0014310696511901102;-39.0;-52.25;1248.3756103515625;-39.75;-52.5;42.03047180175781
2021-06-28-0000;-38.75;-52.75;15;15;-60.25;-45.25;-46.25;-31.25;-38.75;-52.75;-0.0012189604310709513;-38.75;-52.75;1197.6920166015625;-39.5;-54.75;38.54867172241211
2021-06-28-0600;-38.75;-52.75;15;15;-60.25;-45.25;-46.25;-31.25;-38.75;-52.5;-0.0009239140043601625;-38.75;-52.75;1226.3487548828125;-41.0;-54.25;35.84481430053711
2021-06-28-1200;-38.25;-53.25;15;15;-60.75;-45.75;-45.75;-30.75;-38.25;-53.25;-0.0008207375188339742;-38.0;-53.25;1247.8079833984375;-35.25;-53.25;31.19643783569336
2021-06-28-1800;-37.25;-52.25;15;15;-59.75;-44.75;-44.75;-29.75;-37.25;-52.25;-0.0008519347535218514;-37.25;-52.25;1245.448974609375;-34.75;-54.25;30.016109466552734
2021-06-29-0000;-37.0;-51.75;15;15;-59.25;-44.25;-44.5;-29.5;-37.25;-51.75;-0.000702414442118864;-37.0;-51.75;1287.3126220703125;-34.75;-52.0;29.723752975463867
2021-06-29-0600;-36.0;-51.5;15;15;-59.0;-44.0;-43.5;-28.5;-36.0;-51.5;-0.0006265307308452139;-36.0;-51.5;1298.7100830078125;-35.25;-52.5;33.147003173828125
2021-06-29-1200;-34.75;-50.25;15;15;-57.75;-42.75;-42.25;-27.25;-35.25;-49.5;-0.0009339605754624377;-34.75;-50.25;1292.19873046875;-34.0;-50.25;38.47603225708008
2021-06-29-1800;-34.25;-48.5;15;15;-56.0;-41.0;-41.75;-26.75;-34.5;-48.25;-0.0010785346118286677;-34.25;-48.25;1283.450927734375;-32.75;-48.25;40.3052864074707
2021-06-30-0000;-33.5;-46.75;15;15;-54.25;-39.25;-41.0;-26.0;-33.25;-46.5;-0.0010110952192839433;-33.25;-46.5;1309.3004150390625;-32.25;-45.75;33.09971237182617
2021-06-30-0600;-32.75;-45.0;15;15;-52.5;-37.5;-40.25;-25.25;-32.5;-45.0;-0.0011376000032599647;-32.5;-45.0;1314.826171875;-32.0;-45.5;29.299875259399414
2021-06-30-1200;-31.25;-43.75;15;15;-51.25;-36.25;-38.75;-23.75;-31.0;-43.75;-0.0010576224246344865;-31.0;-43.75;1377.8489990234375;-30.75;-44.25;27.295013427734375
2021-06-30-1800;-29.75;-42.5;15;15;-50.0;-35.0;-37.25;-22.25;-29.5;-42.5;-0.0008866032320945438;-29.75;-42.5;1424.08642578125;-29.25;-42.75;25.252050399780273
2021-07-01-0000;-28.5;-41.0;15;15;-48.5;-33.5;-36.0;-21.0;-28.5;-41.0;-0.0007411787664450376;-28.5;-41.0;1473.380859375;-27.75;-41.25;19.912378311157227
