time;Lat;Lon;length;width;min_lon;max_lon;min_lat;max_lat;min_max_zeta_850_lat;min_max_zeta_850_lon;min_max_zeta_850;min_hgt_850_lat;min_hgt_850_lon;min_hgt_850;max_wind_850_lat;max_wind_850_lon;max_wind_850
2021-06-25-0000;-29.292;-53.6487;15;15;-61.1487;-46.1487;-36.792;-21.792;-36.75;-52.150000000000006;-0.000800002675671444;-36.75;-51.650000000000006;1276.91796875;-36.75;-47.25;38.10417556762695
2021-06-25-0100;-29.292;-53.6487;15;15;-61.1487;-46.1487;-36.792;-21.792;-36.650000000000006;-51.650000000000006;-0.0007630887773148881;-36.75;-51.25;1286.93408203125;-36.75;-46.75;36.56245803833008
2021-06-25-0200;-29.292;-53.6487;15;15;-61.1487;-46.1487;-36.792;-21.792;-36.05;-46.45;-0.0010004052122749025;-36.75;-50.650000000000006;1272.96630859375;-36.05;-46.25;36.91191864013672
2021-06-25-0300;-29.292;-53.6487;15;15;-61.1487;-46.1487;-36.792;-21.792;-36.75;-46.349999999999994;-0.0010931112527403485;-36.75;-50.05;1274.82373046875;-35.849999999999994;-50.150000000000006;36.944087982177734
2021-06-25-0400;-29.292;-53.6487;15;15;-61.1487;-46.1487;-36.792;-21.792;-29.049999999999997;-49.849999999999994;-0.0008191038940976302;-36.75;-49.349999999999994;1281.5743408203125;-36.05;-49.55;39.8674430847168
2021-06-25-0500;-29.292;-53.6487;15;15;-61.1487;-46.1487;-36.792;-21.792;-29.049999999999997;-49.849999999999994;-0.0007598065133042316;-36.75;-48.95;1284.7769775390625;-36.45;-49.150000000000006;38.95158004760742
2021-06-25-0600;-29.292;-53.6487;15;15;-61.1487;-46.1487;-36.792;-21.792;-29.049999999999997;-49.95;-0.000621060553388457;-36.75;-48.25;1304.0028076171875;-36.45;-48.150000000000006;36.984642028808594
2021-06-25-0700;-29.292;-53.6487;15;15;-61.1487;-46.1487;-36.792;-21.792;-29.049999999999997;-49.95;-0.0005959665549196568;-36.75;-47.95;1327.1492919921875;-36.55;-47.25;34.407569885253906
2021-06-25-0800;-29.292;-53.6487;15;15;-61.1487;-46.1487;-36.792;-21.792;-24.349999999999998;-48.849999999999994;-0.0004540720904833004;-36.75;-48.349999999999994;1341.267578125;-36.75;-46.55;31.855710983276367
2021-06-25-0900;-29.292;-53.6487;15;15;-61.1487;-46.1487;-36.792;-21.792;-27.849999999999998;-49.25;-0.0004573293363326255;-36.75;-47.650000000000006;1352.9288330078125;-36.75;-46.25;26.705411911010742
2021-06-25-1000;-29.292;-53.6487;15;15;-61.1487;-46.1487;-36.792;-21.792;-27.849999999999998;-49.25;-0.0005518322557285883;-36.75;-47.25;1370.95068359375;-36.75;-46.849999999999994;26.393939971923828
2021-06-25-1100;-29.292;-53.6487;15;15;-61.1487;-46.1487;-36.792;-21.792;-27.849999999999998;-49.25;-0.00048614920134533234;-36.75;-47.650000000000006;1384.467529296875;-36.75;-46.25;25.304744720458984
2021-06-25-1200;-29.292;-53.6487;15;15;-61.1487;-46.1487;-36.792;-21.792;-24.349999999999998;-48.75;-0.00038351654922966303;-36.75;-47.150000000000006;1393.3734130859375;-36.75;-47.150000000000006;23.22304344177246
2021-06-25-1300;-29.292;-53.6487;15;15;-61.1487;-46.1487;-36.792;-21.792;-24.45;-48.650000000000006;-0.00035303595390907773;-36.75;-46.55;1403.69921875;-36.75;-46.349999999999994;22.695383071899414
2021-06-25-1400;-29.292;-53.6487;15;15;-61.1487;-46.1487;-36.792;-21.792;-25.75;-56.849999999999994;-0.0002644038162114534;-36.75;-46.349999999999994;1414.8572998046875;-36.75;-46.25;21.511327743530273
2021-06-25-1500;-29.292;-53.6487;15;15;-61.1487;-46.1487;-36.792;-21.792;-25.349999999999998;-57.849999999999994;-0.00028318750067617035;-36.75;-46.55;1418.53515625;-36.75;-49.45;20.360456466674805
2021-06-25-1600;-29.292;-53.6487;15;15;-61.1487;-46.1487;-36.792;-21.792;-25.65;-57.650000000000006;-0.000311507925245773;-36.75;-46.150000000000006;1424.550048828125;-36.75;-48.95;19.715795516967773
2021-06-25-1700;-29.292;-53.6487;15;15;-61.1487;-46.1487;-36.792;-21.792;-27.45;-49.849999999999994;-0.00031000924671653303;-36.75;-46.150000000000006;1433.9423828125;-36.75;-48.45;18.987930297851562
2021-06-25-1800;-29.292;-53.6487;15;15;-61.1487;-46.1487;-36.792;-21.792;-25.349999999999998;-53.25;-0.00031708140471603205;-36.75;-46.150000000000006;1442.0789794921875;-36.75;-48.150000000000006;18.547121047973633
2021-06-25-1900;-29.292;-53.6487;15;15;-61.1487;-46.1487;-36.792;-21.792;-26.95;-50.150000000000006;-0.0003365316772687503;-36.75;-46.150000000000006;1448.8414306640625;-22.95;-59.25;17.88030433654785
2021-06-25-2000;-29.292;-53.6487;15;15;-61.1487;-46.1487;-36.792;-21.792;-27.049999999999997;-50.55;-0.00032611666720979094;-36.75;-46.150000000000006;1453.3970947265625;-23.349999999999998;-59.05;17.762441635131836
2021-06-25-2100;-29.292;-53.6487;15;15;-61.1487;-46.1487;-36.792;-21.792;-27.049999999999997;-50.55;-0.0002629938384551779;-36.75;-46.150000000000006;1462.8709716796875;-23.65;-58.95;17.243242263793945
2021-06-25-2200;-29.292;-53.6487;15;15;-61.1487;-46.1487;-36.792;-21.792;-25.95;-51.650000000000006;-0.0002847516015852022;-30.549999999999997;-59.95;1465.685791015625;-25.549999999999997;-57.650000000000006;18.446374893188477
2021-06-25-2300;-29.292;-53.6487;15;15;-61.1487;-46.1487;-36.792;-21.792;-26.049999999999997;-51.650000000000006;-0.00040109598581614206;-29.25;-59.95;1466.2850341796875;-25.95;-57.45;19.32237434387207
2021-06-26-0000;-29.292;-53.6487;15;15;-61.1487;-46.1487;-36.792;-21.792;-26.25;-51.55;-0.00038797184940193684;-29.15;-59.95;1467.0775146484375;-21.849999999999998;-58.75;20.22952651977539
2021-06-26-0100;-29.292;-53.6487;15;15;-61.1487;-46.1487;-36.792;-21.792;-21.849999999999998;-59.45;-0.0003212395901811808;-29.15;-59.95;1466.4012451171875;-22.049999999999997;-58.75;21.124116897583008
2021-06-26-0200;-29.292;-53.6487;15;15;-61.1487;-46.1487;-36.792;-21.792;-22.349999999999998;-59.349999999999994;-0.0003252002098978096;-29.65;-59.95;1464.4571533203125;-21.849999999999998;-59.150000000000006;21.794471740722656
2021-06-26-0300;-29.292;-53.6487;15;15;-61.1487;-46.1487;-36.792;-21.792;-26.049999999999997;-51.650000000000006;-0.0002777479494298579;-29.45;-59.95;1464.485107421875;-22.349999999999998;-58.95;22.215059280395508
2021-06-26-0400;-29.292;-53.6487;15;15;-61.1487;-46.1487;-36.792;-21.792;-27.75;-58.75;-0.00025460023893967117;-31.049999999999997;-59.95;1460.919921875;-22.95;-58.849999999999994;22.72311019897461
2021-06-26-0500;-29.292;-53.6487;15;15;-61.1487;-46.1487;-36.792;-21.792;-27.75;-48.95;-0.0002813953012481823;-26.45;-59.95;1459.2236328125;-23.45;-58.650000000000006;22.85758399963379
2021-06-26-0600;-29.292;-53.6487;15;15;-61.1487;-46.1487;-36.792;-21.792;-27.75;-48.95;-0.00028739735666521;-25.75;-59.95;1458.9342041015625;-21.849999999999998;-59.75;23.16457748413086
2021-06-26-0700;-29.292;-53.6487;15;15;-61.1487;-46.1487;-36.792;-21.792;-27.75;-48.95;-0.0002839658577684839;-25.849999999999998;-59.95;1458.162353515625;-21.849999999999998;-59.55;24.54592514038086
2021-06-26-0800;-29.292;-53.6487;15;15;-61.1487;-46.1487;-36.792;-21.792;-30.15;-50.05;-0.00034409477795556404;-31.85;-59.849999999999994;1456.2763671875;-21.849999999999998;-59.55;25.970577239990234
2021-06-26-0900;-29.292;-53.6487;15;15;-61.1487;-46.1487;-36.792;-21.792;-29.45;-54.45;-0.0005458158146068686;-31.85;-59.25;1457.1390380859375;-21.849999999999998;-59.45;26.971879959106445
2021-06-26-1000;-29.292;-53.6487;15;15;-61.1487;-46.1487;-36.792;-21.792;-29.75;-53.95;-0.0006664123845031945;-29.049999999999997;-57.849999999999994;1455.8548583984375;-21.849999999999998;-59.45;27.41561508178711
2021-06-26-1100;-29.292;-53.6487;15;15;-61.1487;-46.1487;-36.792;-21.792;-28.049999999999997;-49.25;-0.0008280248355147308;-30.25;-56.650000000000006;1453.111572265625;-21.849999999999998;-59.45;27.28379249572754
2021-06-26-1200;-29.292;-53.6487;15;15;-61.1487;-46.1487;-36.792;-21.792;-29.75;-55.95;-0.0007685925782455529;-29.75;-56.55;1452.756103515625;-21.849999999999998;-59.45;27.17427635192871
2021-06-26-1300;-29.292;-53.6487;15;15;-61.1487;-46.1487;-36.792;-21.792;-29.75;-56.05;-0.000978909504692616;-30.15;-55.849999999999994;1447.9954833984375;-21.849999999999998;-59.95;27.5195255279541
2021-06-26-1400;-29.292;-53.6487;15;15;-61.1487;-46.1487;-36.792;-21.792;-30.049999999999997;-55.45;-0.0010123415863917966;-31.45;-54.95;1447.7772216796875;-21.849999999999998;-59.95;27.88640594482422
2021-06-26-1500;-29.292;-53.6487;15;15;-61.1487;-46.1487;-36.792;-21.792;-30.45;-54.75;-0.0008755198680689977;-31.45;-55.849999999999994;1443.7647705078125;-28.75;-53.849999999999994;27.049896240234375
2021-06-26-1600;-29.292;-53.6487;15;15;-61.1487;-46.1487;-36.792;-21.792;-30.75;-54.150000000000006;-0.0008782810452451896;-31.35;-55.95;1437.4241943359375;-29.15;-53.95;28.419301986694336
2021-06-26-1700;-29.292;-53.6487;15;15;-61.1487;-46.1487;-36.792;-21.792;-31.15;-53.349999999999994;-0.0008756027382541332;-31.45;-53.25;1435.8603515625;-29.15;-52.75;28.614425659179688
2021-06-26-1800;-29.292;-53.6487;15;15;-61.1487;-46.1487;-36.792;-21.792;-31.65;-52.55;-0.0010338603731585138;-30.549999999999997;-57.349999999999994;1434.511474609375;-30.85;-51.45;27.50140380859375
2021-06-26-1900;-29.9347;-52.9814;15;15;-60.4814;-45.4814;-37.4347;-22.4347;-32.849999999999994;-49.95;-0.0012555694067847062;-31.15;-56.25;1432.4119873046875;-31.25;-51.150000000000006;27.82472801208496
2021-06-26-2000;-30.7103;-52.4037;15;15;-59.9037;-44.9037;-38.210300000000004;-23.2103;-31.75;-52.45;-0.0012535925637221694;-32.55;-53.849999999999994;1432.4771728515625;-31.75;-50.349999999999994;26.8772029876709
2021-06-26-2100;-31.5787;-52.4211;15;15;-59.9211;-44.9211;-39.0787;-24.0787;-32.05;-51.55;-0.0011410811058855694;-32.25;-53.95;1433.5228271484375;-30.15;-52.25;26.915719985961914
2021-06-26-2200;-32.9158;-52.0621;15;15;-59.5621;-44.5621;-40.4158;-25.415799999999997;-33.349999999999994;-49.55;-0.0013093324004368875;-34.45;-51.150000000000006;1433.622802734375;-29.549999999999997;-51.05;27.95693016052246
2021-06-26-2300;-33.6968;-51.3663;15;15;-58.8663;-43.8663;-41.1968;-26.196800000000003;-33.55;-47.849999999999994;-0.0009170383432312451;-33.75;-51.55;1432.9542236328125;-29.65;-50.55;28.838363647460938
2021-06-27-0000;-34.3117;-50.9045;15;15;-58.4045;-43.4045;-41.8117;-26.811700000000002;-33.650000000000006;-49.150000000000006;-0.000967596802782852;-35.150000000000006;-50.95;1427.1986083984375;-28.75;-49.95;28.704116821289062
2021-06-27-0100;-34.4438;-51.0945;15;15;-58.5945;-43.5945;-41.9438;-26.943800000000003;-34.05;-48.55;-0.000996729982946214;-34.349999999999994;-52.150000000000006;1426.555419921875;-32.55;-48.150000000000006;31.36652946472168
2021-06-27-0200;-34.6789;-50.8538;15;15;-58.3538;-43.3538;-42.1789;-27.1789;-28.049999999999997;-49.25;-0.0009961352416134352;-34.55;-51.45;1419.77392578125;-32.95;-47.05;33.38710403442383
2021-06-27-0300;-34.7511;-50.8612;15;15;-58.3612;-43.3612;-42.2511;-27.2511;-28.049999999999997;-49.25;-0.001037439816437996;-34.849999999999994;-51.349999999999994;1413.3072509765625;-33.849999999999994;-45.95;35.618064880371094
2021-06-27-0400;-34.9739;-50.7952;15;15;-58.2952;-43.2952;-42.4739;-27.4739;-34.95;-47.25;-0.0011166099702415958;-35.150000000000006;-51.150000000000006;1409.856201171875;-34.349999999999994;-44.849999999999994;35.82680892944336
2021-06-27-0500;-35.1184;-50.8099;15;15;-58.3099;-43.3099;-42.6184;-27.6184;-35.349999999999994;-46.45;-0.0009908162507179712;-35.55;-50.650000000000006;1403.979248046875;-34.75;-43.75;34.90640640258789
2021-06-27-0600;-35.2629;-50.8247;15;15;-58.3247;-43.3247;-42.7629;-27.762900000000002;-36.150000000000006;-44.95;-0.0011781828961806944;-35.45;-50.75;1403.6806640625;-35.05;-44.55;32.90821075439453
2021-06-27-0700;-35.4917;-50.6694;15;15;-58.1694;-43.1694;-42.9917;-27.9917;-36.55;-44.05;-0.0011768945556543038;-35.650000000000006;-50.75;1401.778564453125;-34.25;-46.349999999999994;32.68225860595703
2021-06-27-0800;-35.7868;-50.6095;15;15;-58.1095;-43.1095;-43.2868;-28.2868;-36.75;-43.25;-0.0010959269133587054;-35.849999999999994;-50.55;1396.572021484375;-33.849999999999994;-44.95;33.45236587524414
2021-06-27-0900;-35.9373;-50.5347;15;15;-58.0347;-43.0347;-43.4373;-28.4373;-36.95;-44.05;-0.0007510274637014703;-35.95;-50.45;1398.382080078125;-33.849999999999994;-44.25;34.42929458618164
2021-06-27-1000;-36.0819;-50.5491;15;15;-58.0491;-43.0491;-43.5819;-28.581899999999997;-37.150000000000006;-43.45;-0.0006695192264759583;-36.150000000000006;-50.55;1400.5804443359375;-34.349999999999994;-43.349999999999994;34.09916305541992
2021-06-27-1100;-36.3047;-50.481;15;15;-57.981;-42.981;-43.8047;-28.804699999999997;-36.55;-44.150000000000006;-0.0007734888154271311;-36.150000000000006;-50.349999999999994;1402.197509765625;-34.349999999999994;-43.05;33.141990661621094
2021-06-27-1200;-36.5217;-50.5026;15;15;-58.0026;-43.0026;-44.0217;-29.021700000000003;-36.95;-43.65;-0.0011743402950878952;-36.55;-50.650000000000006;1400.1063232421875;-34.349999999999994;-43.15;31.192890167236328
2021-06-27-1300;-36.7328;-50.6146;15;15;-58.1146;-43.1146;-44.2328;-29.232799999999997;-37.45;-43.15;-0.0009391137435329628;-36.95;-50.75;1400.41259765625;-34.25;-43.15;30.846738815307617
2021-06-27-1400;-37.0162;-50.7346;15;15;-58.2346;-43.2346;-44.5162;-29.516199999999998;-36.45;-52.150000000000006;-0.0009228516220883647;-37.150000000000006;-50.849999999999994;1398.767578125;-34.150000000000006;-43.25;29.773019790649414
2021-06-27-1500;-36.9498;-50.6366;15;15;-58.1366;-43.1366;-44.4498;-29.449800000000003;-37.25;-53.150000000000006;-0.000902258425980715;-37.349999999999994;-50.75;1390.1942138671875;-34.150000000000006;-43.15;29.182344436645508
2021-06-27-1600;-37.0162;-50.7346;15;15;-58.2346;-43.2346;-44.5162;-29.516199999999998;-37.25;-53.150000000000006;-0.0010605525504414754;-37.650000000000006;-51.45;1381.1302490234375;-33.849999999999994;-43.25;27.81693458557129
2021-06-27-1700;-37.4064;-51.4172;15;15;-58.9172;-43.9172;-44.9064;-29.906399999999998;-37.349999999999994;-51.45;-0.0010319001714116584;-37.45;-51.349999999999994;1375.132568359375;-32.650000000000006;-44.349999999999994;26.72404670715332
2021-06-27-1800;-37.4852;-51.3343;15;15;-58.8343;-43.8343;-44.9852;-29.9852;-37.45;-51.45;-0.001191770692373444;-37.55;-51.349999999999994;1369.573974609375;-39.150000000000006;-50.95;26.734466552734375
2021-06-27-1900;-37.5639;-51.2512;15;15;-58.7512;-43.7512;-45.0639;-30.063899999999997;-37.45;-53.150000000000006;-0.0014078891474460604;-38.05;-51.25;1361.5806884765625;-39.150000000000006;-50.95;29.454425811767578
2021-06-27-2000;-38.0763;-51.216;15;15;-58.716;-43.716;-45.5763;-30.576300000000003;-37.45;-53.349999999999994;-0.0016768351987989732;-38.150000000000006;-51.25;1349.6883544921875;-39.349999999999994;-50.849999999999994;31.067588806152344
2021-06-27-2100;-38.3655;-51.2484;15;15;-58.7484;-43.7484;-45.8655;-30.865499999999997;-38.349999999999994;-51.349999999999994;-0.0022597118934679955;-38.349999999999994;-51.25;1330.12451171875;-39.25;-51.05;33.291725158691406
2021-06-27-2200;-38.5759;-51.3653;15;15;-58.8653;-43.8653;-46.0759;-31.075899999999997;-38.55;-51.45;-0.0027304069145702515;-38.55;-51.349999999999994;1317.946044921875;-39.349999999999994;-51.349999999999994;35.304996490478516
2021-06-27-2300;-38.6285;-51.6511;15;15;-59.1511;-44.1511;-46.1285;-31.128500000000003;-38.650000000000006;-51.75;-0.002433875960642277;-38.650000000000006;-51.650000000000006;1308.653076171875;-39.45;-51.650000000000006;37.69401931762695
2021-06-28-0000;-38.8249;-51.9551;15;15;-59.4551;-44.4551;-46.3249;-31.3249;-38.75;-52.25;-0.0017831522592935598;-38.849999999999994;-52.05;1293.627685546875;-39.55;-52.150000000000006;39.862361907958984
2021-06-28-0100;-38.7894;-52.4185;15;15;-59.9185;-44.9185;-46.2894;-31.2894;-38.650000000000006;-52.650000000000006;-0.0015229506151863714;-38.849999999999994;-52.45;1283.27001953125;-39.349999999999994;-52.75;41.68119812011719
2021-06-28-0200;-38.7522;-52.8813;15;15;-60.3813;-45.3813;-46.2522;-31.252200000000002;-38.95;-52.55;-0.0014867139198295222;-38.75;-52.849999999999994;1269.4305419921875;-39.05;-53.45;42.36704635620117
2021-06-28-0300;-38.5768;-53.2311;15;15;-60.7311;-45.7311;-46.0768;-31.0768;-38.75;-52.95;-0.0013776512582849543;-38.55;-53.25;1263.6234130859375;-39.05;-53.95;40.120967864990234
2021-06-28-0400;-38.3365;-53.4768;15;15;-60.9768;-45.9768;-45.8365;-30.8365;-38.349999999999994;-53.349999999999994;-0.0012415213517580359;-38.349999999999994;-53.45;1258.9246826171875;-38.650000000000006;-54.650000000000006;38.43458557128906
2021-06-28-0500;-38.112;-53.5376;15;15;-61.0376;-46.0376;-45.612;-30.612000000000002;-38.150000000000006;-53.45;-0.0012941511803709776;-38.150000000000006;-53.55;1261.2384033203125;-39.95;-53.45;35.18983459472656
2021-06-28-0600;-37.9677;-53.517;15;15;-61.017;-46.017;-45.4677;-30.4677;-37.95;-53.55;-0.0013080842557049973;-37.95;-53.55;1263.686767578125;-40.05;-53.349999999999994;34.99189758300781
2021-06-28-0700;-37.8316;-53.4052;15;15;-60.9052;-45.9052;-45.3316;-30.3316;-37.849999999999994;-53.45;-0.0013079622427840437;-37.849999999999994;-53.45;1262.9039306640625;-39.650000000000006;-54.349999999999994;37.782447814941406
2021-06-28-0800;-37.8316;-53.4052;15;15;-60.9052;-45.9052;-45.3316;-30.3316;-37.75;-53.349999999999994;-0.0011850543346153667;-37.75;-53.349999999999994;1257.9422607421875;-39.75;-54.650000000000006;36.4619140625
2021-06-28-0900;-37.8395;-53.3138;15;15;-60.8138;-45.8138;-45.3395;-30.3395;-37.849999999999994;-53.25;-0.0011970812326199066;-37.849999999999994;-53.25;1255.4637451171875;-39.150000000000006;-55.55;35.08230972290039
2021-06-28-1000;-37.8395;-53.3138;15;15;-60.8138;-45.8138;-45.3395;-30.3395;-37.75;-53.349999999999994;-0.001160531365482261;-37.849999999999994;-53.25;1259.09912109375;-38.75;-56.150000000000006;33.835533142089844
2021-06-28-1100;-37.7674;-53.3037;15;15;-60.8037;-45.8037;-45.2674;-30.267400000000002;-37.75;-53.45;-0.0011197326693598675;-37.75;-53.349999999999994;1260.9248046875;-39.849999999999994;-55.349999999999994;33.05881881713867
2021-06-28-1200;-37.7594;-53.395;15;15;-60.895;-45.895;-45.2594;-30.2594;-37.650000000000006;-53.45;-0.0011523258810349657;-37.75;-53.349999999999994;1263.867431640625;-37.349999999999994;-56.650000000000006;31.93391990661621
2021-06-28-1300;-37.6792;-53.476;15;15;-60.976;-45.976;-45.1792;-30.1792;-37.55;-53.55;-0.0011308015103962503;-37.650000000000006;-53.45;1271.0155029296875;-38.150000000000006;-56.55;30.120784759521484
2021-06-28-1400;-37.599;-53.5568;15;15;-61.0568;-46.0568;-45.099;-30.098999999999997;-37.650000000000006;-53.45;-0.0010966915694107656;-37.55;-53.55;1273.5350341796875;-36.75;-57.650000000000006;29.23214340209961
2021-06-28-1500;-37.4466;-53.6271;15;15;-61.1271;-46.1271;-44.9466;-29.946599999999997;-37.349999999999994;-53.75;-0.0011131075397436403;-37.45;-53.650000000000006;1272.2869873046875;-37.55;-56.650000000000006;27.854244232177734
2021-06-28-1600;-37.222;-53.6868;15;15;-61.1868;-46.1868;-44.722;-29.722;-37.25;-53.55;-0.0011249436804187714;-37.25;-53.650000000000006;1269.68603515625;-36.05;-56.05;26.972803115844727
2021-06-28-1700;-37.086;-53.5757;15;15;-61.0757;-46.0757;-44.586;-29.586;-41.25;-49.95;-0.0011816217478308045;-37.05;-53.650000000000006;1272.714111328125;-37.349999999999994;-55.45;26.78594207763672
2021-06-28-1800;-36.8778;-53.455;15;15;-60.955;-45.955;-44.3778;-29.3778;-36.849999999999994;-53.650000000000006;-0.0011725008634139917;-36.95;-53.45;1275.59326171875;-35.849999999999994;-55.75;26.277952194213867
2021-06-28-1900;-36.7495;-53.2548;15;15;-60.7548;-45.7548;-44.2495;-29.249499999999998;-36.650000000000006;-53.349999999999994;-0.0011726210748381229;-36.75;-53.25;1276.08740234375;-35.95;-55.95;27.906898498535156
2021-06-28-2000;-36.693;-53.065;15;15;-60.565;-45.565;-44.193;-29.192999999999998;-36.650000000000006;-52.95;-0.0011933806204495747;-36.650000000000006;-53.05;1277.7071533203125;-34.95;-54.55;27.824176788330078
2021-06-28-2100;-36.5717;-52.7762;15;15;-60.2762;-45.2762;-44.0717;-29.0717;-41.349999999999994;-49.95;-0.0012542133340320576;-36.55;-52.849999999999994;1281.6103515625;-34.55;-54.05;29.475072860717773
2021-06-28-2200;-36.5866;-52.5964;15;15;-60.0964;-45.0964;-44.0866;-29.086599999999997;-36.650000000000006;-52.55;-0.00118256843786341;-36.55;-52.55;1285.0780029296875;-34.25;-53.349999999999994;28.18511390686035
2021-06-28-2300;-36.5291;-52.4075;15;15;-59.9075;-44.9075;-44.0291;-29.0291;-36.650000000000006;-52.349999999999994;-0.0011823675826726154;-36.55;-52.349999999999994;1285.4000244140625;-34.849999999999994;-54.05;27.803159713745117
2021-06-29-0000;-36.5506;-52.1379;15;15;-59.6379;-44.6379;-44.0506;-29.050600000000003;-36.650000000000006;-52.150000000000006;-0.0011562569299904384;-36.55;-52.150000000000006;1284.522705078125;-34.45;-53.95;29.577268600463867
2021-06-29-0100;-36.5646;-51.958;15;15;-59.458;-44.458;-44.0646;-29.0646;-36.650000000000006;-51.95;-0.0011447817854055094;-36.55;-52.05;1284.5531005859375;-34.05;-53.349999999999994;29.851102828979492
2021-06-29-0200;-36.4992;-51.8596;15;15;-59.3596;-44.3596;-43.9992;-28.999200000000002;-36.45;-51.75;-0.0011381349244326535;-36.55;-51.849999999999994;1282.0650634765625;-34.55;-52.650000000000006;29.641775131225586
2021-06-29-0300;-36.5127;-51.6798;15;15;-59.1798;-44.1798;-44.0127;-29.012700000000002;-36.45;-51.650000000000006;-0.0011583607545460274;-36.55;-51.75;1276.9483642578125;-34.45;-51.849999999999994;30.19086456298828
2021-06-29-0400;-36.5127;-51.6798;15;15;-59.1798;-44.1798;-44.0127;-29.012700000000002;-36.55;-51.55;-0.0011596891734685728;-36.45;-51.650000000000006;1271.5963134765625;-34.25;-51.55;29.296934127807617
2021-06-29-0500;-36.3749;-51.5734;15;15;-59.0734;-44.0734;-43.8749;-28.874899999999997;-36.55;-51.650000000000006;-0.0011555282850992132;-36.45;-51.55;1268.6248779296875;-35.75;-52.55;28.53443717956543
2021-06-29-0600;-36.2435;-51.3778;15;15;-58.8778;-43.8778;-43.7435;-28.743499999999997;-36.25;-51.650000000000006;-0.001166484411310864;-36.25;-51.45;1266.8956298828125;-35.849999999999994;-52.45;30.987932205200195
2021-06-29-0700;-36.0331;-51.2645;15;15;-58.7645;-43.7645;-43.5331;-28.533099999999997;-35.95;-51.45;-0.0011228703903922903;-36.05;-51.25;1265.5970458984375;-35.55;-52.25;33.51276397705078
2021-06-29-0800;-35.835;-50.9735;15;15;-58.4735;-43.4735;-43.335;-28.335;-35.75;-51.25;-0.0011497960648028352;-35.849999999999994;-51.05;1261.707275390625;-35.05;-51.45;33.90871810913086
2021-06-29-0900;-35.7086;-50.6913;15;15;-58.1913;-43.1913;-43.2086;-28.208599999999997;-35.55;-50.95;-0.0011390069619243838;-35.650000000000006;-50.75;1263.361083984375;-35.05;-51.349999999999994;34.93339920043945
2021-06-29-1000;-35.5872;-50.3211;15;15;-57.8211;-42.8211;-43.0872;-28.087200000000003;-35.349999999999994;-50.55;-0.0011844798195339474;-35.55;-50.349999999999994;1264.56640625;-34.849999999999994;-50.75;35.60212707519531
2021-06-29-1100;-35.4592;-50.0409;15;15;-57.5409;-42.5409;-42.9592;-27.959200000000003;-35.25;-50.05;-0.001176333657782257;-35.45;-50.05;1265.97705078125;-34.75;-50.25;36.318748474121094
2021-06-29-1200;-35.408;-49.6793;15;15;-57.1793;-42.1793;-42.908;-27.908;-35.150000000000006;-49.650000000000006;-0.0011843378422075408;-35.349999999999994;-49.650000000000006;1263.63623046875;-34.75;-49.55;39.26803207397461
2021-06-29-1300;-35.2834;-49.3122;15;15;-56.8122;-41.8122;-42.7834;-27.7834;-36.75;-48.650000000000006;-0.0012080415527501575;-35.349999999999994;-49.349999999999994;1264.0860595703125;-34.849999999999994;-48.849999999999994;38.312042236328125
2021-06-29-1400;-35.23;-48.952;15;15;-56.452;-41.452;-42.73;-27.729999999999997;-35.05;-48.849999999999994;-0.0012090783474518387;-35.25;-48.95;1264.0670166015625;-34.849999999999994;-48.349999999999994;36.89078140258789
2021-06-29-1500;-35.1754;-48.5922;15;15;-56.0922;-41.0922;-42.6754;-27.675400000000003;-35.05;-48.349999999999994;-0.0012259083720637868;-35.150000000000006;-48.55;1259.8861083984375;-34.25;-48.25;37.34193801879883
2021-06-29-1600;-35.1238;-48.1444;15;15;-55.6444;-40.6444;-42.6238;-27.623800000000003;-35.05;-48.05;-0.0012365456192703858;-35.150000000000006;-48.150000000000006;1258.947998046875;-34.05;-47.95;36.80473709106445
2021-06-29-1700;-35.2152;-47.7062;15;15;-55.2062;-40.2062;-42.7152;-27.715200000000003;-35.05;-47.55;-0.001280763496739595;-35.150000000000006;-47.650000000000006;1256.6767578125;-34.75;-47.150000000000006;36.61007308959961
2021-06-29-1800;-35.1601;-47.2588;15;15;-54.7588;-39.7588;-42.6601;-27.6601;-35.150000000000006;-47.05;-0.001261284805458113;-35.25;-47.25;1261.9759521484375;-34.05;-46.849999999999994;35.10283279418945
2021-06-29-1900;-35.2481;-46.8193;15;15;-54.3193;-39.3193;-42.7481;-27.7481;-35.25;-46.75;-0.0012147258488125513;-35.25;-46.849999999999994;1264.152099609375;-34.25;-46.25;33.668697357177734
2021-06-29-2000;-35.2594;-46.4644;15;15;-53.9644;-38.9644;-42.7594;-27.7594;-35.349999999999994;-46.55;-0.0012001589687991132;-35.25;-46.45;1266.1490478515625;-34.05;-45.75;32.41596984863281
2021-06-29-2100;-35.2671;-46.1981;15;15;-53.6981;-38.6981;-42.7671;-27.7671;-35.349999999999994;-46.150000000000006;-0.0011201605706460172;-35.25;-46.150000000000006;1274.467529296875;-33.849999999999994;-45.45;31.36284637451172
2021-06-29-2200;-35.2742;-45.9318;15;15;-53.4318;-38.4318;-42.7742;-27.7742;-35.349999999999994;-45.95;-0.0010966998319594068;-35.25;-45.849999999999994;1280.582763671875;-33.55;-45.25;30.95395278930664
2021-06-29-2300;-35.2807;-45.6654;15;15;-53.1654;-38.1654;-42.7807;-27.780700000000003;-35.349999999999994;-45.650000000000006;-0.0010995448662333579;-35.25;-45.650000000000006;1287.187255859375;-33.45;-44.95;29.828550338745117
2021-06-30-0000;-35.1416;-45.3944;15;15;-52.8944;-37.8944;-42.6416;-27.641599999999997;-35.349999999999994;-45.349999999999994;-0.0011060734036862005;-35.150000000000006;-45.349999999999994;1290.404052734375;-33.75;-44.05;29.126188278198242
2021-06-30-0100;-35.0743;-45.1265;15;15;-52.6265;-37.6265;-42.5743;-27.5743;-35.25;-45.150000000000006;-0.0011035628173234856;-35.05;-45.150000000000006;1295.6365966796875;-32.25;-48.150000000000006;29.700098037719727
2021-06-30-0200;-34.8615;-44.8555;15;15;-52.3555;-37.3555;-42.3615;-27.3615;-40.95;-37.65;-0.0013420914403954349;-34.95;-44.849999999999994;1298.9080810546875;-31.85;-47.45;29.795455932617188
2021-06-30-0300;-34.7217;-44.4993;15;15;-51.9993;-36.9993;-42.2217;-27.2217;-27.849999999999998;-49.25;-0.0011849667732201528;-34.75;-44.55;1294.0247802734375;-31.549999999999997;-46.849999999999994;31.323152542114258
2021-06-30-0400;-34.5799;-44.2325;15;15;-51.7325;-36.7325;-42.0799;-27.079900000000002;-27.849999999999998;-49.25;-0.0012433522375883445;-34.55;-44.25;1295.4559326171875;-34.95;-45.05;31.13561248779297
2021-06-30-0500;-34.3658;-43.8779;15;15;-51.3779;-36.3779;-41.8658;-26.8658;-27.849999999999998;-49.25;-0.0012889962416706951;-34.349999999999994;-43.849999999999994;1295.94482421875;-34.55;-44.849999999999994;32.02623748779297
2021-06-30-0600;-34.2226;-43.6134;15;15;-51.1134;-36.1134;-41.7226;-26.7226;-27.95;-49.349999999999994;-0.0009875627405531652;-34.25;-43.55;1301.2528076171875;-33.849999999999994;-44.55;32.345394134521484
2021-06-30-0700;-34.0066;-43.2621;15;15;-50.7621;-35.7621;-41.5066;-26.5066;-27.95;-49.349999999999994;-0.001109764486091255;-34.05;-43.349999999999994;1305.572509765625;-33.25;-43.95;32.70684814453125
2021-06-30-0800;-33.7172;-43.0;15;15;-50.5;-35.5;-41.2172;-26.2172;-27.65;-49.349999999999994;-0.0009748584185713981;-33.75;-42.95;1309.8226318359375;-33.55;-43.55;30.998098373413086
2021-06-30-0900;-33.5719;-42.6524;15;15;-50.1524;-35.1524;-41.0719;-26.0719;-27.75;-49.45;-0.0009848761110004545;-41.05;-35.25;1318.87841796875;-33.25;-43.65;31.247711181640625
2021-06-30-1000;-33.2807;-42.3074;15;15;-49.8074;-34.8074;-40.7807;-25.780700000000003;-27.65;-49.45;-0.0009697745138041127;-40.75;-34.849999999999994;1325.17236328125;-32.95;-43.25;31.001428604125977
2021-06-30-1100;-33.1341;-42.0495;15;15;-49.5495;-34.5495;-40.6341;-25.634099999999997;-33.05;-42.15;-0.0008599490381295375;-40.55;-34.55;1330.8253173828125;-32.849999999999994;-43.349999999999994;30.16742515563965
2021-06-30-1200;-32.8413;-41.7086;15;15;-49.2086;-34.2086;-40.3413;-25.341299999999997;-32.75;-41.849999999999994;-0.000895064515541593;-40.25;-34.25;1339.280517578125;-32.349999999999994;-42.55;29.036426544189453
2021-06-30-1300;-32.6198;-41.3688;15;15;-48.8688;-33.8688;-40.1198;-25.119799999999998;-32.45;-41.45;-0.000897622887584155;-40.05;-33.95;1346.1187744140625;-32.25;-42.75;28.395627975463867
2021-06-30-1400;-32.3974;-41.0309;15;15;-48.5309;-33.5309;-39.8974;-24.897399999999998;-32.25;-41.25;-0.0008547066107963078;-39.849999999999994;-33.55;1346.9691162109375;-31.95;-42.15;28.118066787719727
2021-06-30-1500;-32.1741;-40.6949;15;15;-48.1949;-33.1949;-39.6741;-24.674100000000003;-32.25;-40.75;-0.0008523839211268596;-39.650000000000006;-33.25;1349.7811279296875;-31.95;-41.75;28.036426544189453
2021-06-30-1600;-31.9498;-40.3607;15;15;-47.8607;-32.8607;-39.449799999999996;-24.4498;-32.05;-40.349999999999994;-0.0008642575468501992;-39.349999999999994;-32.95;1355.99853515625;-31.65;-41.55;27.60497283935547
2021-06-30-1700;-31.7991;-40.1107;15;15;-47.6107;-32.6107;-39.299099999999996;-24.2991;-31.85;-40.15;-0.0008533865786650861;-39.25;-32.65;1362.1138916015625;-31.45;-41.349999999999994;27.24260139465332
2021-06-30-1800;-31.5011;-39.7827;15;15;-47.2827;-32.2827;-39.0011;-24.0011;-31.65;-39.849999999999994;-0.0008638613552084625;-38.95;-32.349999999999994;1369.0474853515625;-31.35;-40.65;27.17024040222168
2021-06-30-1900;-31.277;-39.5383;15;15;-47.0383;-32.0383;-38.777;-23.777;-31.45;-39.55;-0.0008671420878283119;-38.75;-32.05;1375.6136474609375;-30.85;-40.349999999999994;26.63300895690918
2021-06-30-2000;-31.0496;-39.2111;15;15;-46.7111;-31.711100000000002;-38.5496;-23.5496;-24.25;-32.65;-0.0008765650585437984;-38.45;-31.75;1382.9254150390625;-30.85;-39.95;26.76529312133789
2021-06-30-2100;-30.7525;-38.9733;15;15;-46.4733;-31.473300000000002;-38.2525;-23.2525;-24.349999999999998;-32.25;-0.0011575440669889456;-38.25;-31.549999999999997;1390.5006103515625;-30.65;-39.75;26.892881393432617
2021-06-30-2200;-30.5237;-38.6498;15;15;-46.1498;-31.1498;-38.023700000000005;-23.0237;-24.549999999999997;-31.849999999999998;-0.0014636893735973338;-37.95;-31.15;1397.46142578125;-30.15;-39.45;26.798824310302734
2021-06-30-2300;-30.2976;-38.4115;15;15;-45.9115;-30.911499999999997;-37.7976;-22.7976;-24.75;-31.45;-0.0013536706328692158;-37.75;-30.95;1404.7130126953125;-30.15;-39.25;25.587495803833008
2021-07-01-0000;-30.0674;-38.0915;15;15;-45.5915;-30.591500000000003;-37.5674;-22.5674;-24.95;-30.95;-0.001276224894746304;-37.55;-30.65;1411.6337890625;-30.15;-38.95;24.80352020263672
