time;Lat;Lon;length;width;min_lon;max_lon;min_lat;max_lat;min_max_zeta_850_lat;min_max_zeta_850_lon;min_max_zeta_850;min_hgt_850_lat;min_hgt_850_lon;min_hgt_850;max_wind_850_lat;max_wind_850_lon;max_wind_850
2021-06-25-0000;-30.1411;-53.8444;15;15;-61.3444;-46.3444;-37.6411;-22.6411;-37.55;-52.45;-0.0004463939660192065;-37.25;-51.45;1278.3104248046875;-37.25;-46.849999999999994;36.815513610839844
2021-06-25-0100;-30.1411;-53.8444;15;15;-61.3444;-46.3444;-37.6411;-22.6411;-26.549999999999997;-49.650000000000006;-0.0006994180793881663;-37.25;-51.05;1272.3824462890625;-37.55;-46.55;37.50086212158203
2021-06-25-0200;-30.1411;-53.8444;15;15;-61.3444;-46.3444;-37.6411;-22.6411;-29.049999999999997;-49.849999999999994;-0.0005249946207362383;-37.45;-50.75;1268.5364990234375;-36.150000000000006;-51.75;34.54656982421875
2021-06-25-0300;-30.1411;-53.8444;15;15;-61.3444;-46.3444;-37.6411;-22.6411;-29.049999999999997;-49.849999999999994;-0.0008176133662434022;-37.55;-50.25;1272.7686767578125;-36.349999999999994;-51.349999999999994;35.074371337890625
2021-06-25-0400;-30.1411;-53.8444;15;15;-61.3444;-46.3444;-37.6411;-22.6411;-29.049999999999997;-49.849999999999994;-0.0009252911751240769;-37.55;-49.75;1271.63330078125;-36.349999999999994;-50.650000000000006;36.500633239746094
2021-06-25-0500;-30.1411;-53.8444;15;15;-61.3444;-46.3444;-37.6411;-22.6411;-36.95;-49.849999999999994;-0.0006307260825239679;-37.55;-49.349999999999994;1269.3145751953125;-36.650000000000006;-50.150000000000006;36.47689437866211
2021-06-25-0600;-30.1411;-53.8444;15;15;-61.3444;-46.3444;-37.6411;-22.6411;-28.95;-49.849999999999994;-0.0006354672778306792;-37.55;-48.95;1271.3582763671875;-37.25;-49.849999999999994;36.288414001464844
2021-06-25-0700;-30.1411;-53.8444;15;15;-61.3444;-46.3444;-37.6411;-22.6411;-28.95;-49.75;-0.0005675766770477504;-37.55;-48.55;1276.1231689453125;-37.349999999999994;-49.25;36.00358200073242
2021-06-25-0800;-30.1411;-53.8444;15;15;-61.3444;-46.3444;-37.6411;-22.6411;-24.45;-48.650000000000006;-0.0006230047252522413;-37.55;-47.95;1284.603759765625;-37.349999999999994;-48.45;36.34800720214844
2021-06-25-0900;-30.1411;-53.8444;15;15;-61.3444;-46.3444;-37.6411;-22.6411;-24.45;-48.650000000000006;-0.0005644825891235066;-37.55;-47.45;1303.8199462890625;-37.45;-47.75;35.91950988769531
2021-06-25-1000;-30.1411;-53.8444;15;15;-61.3444;-46.3444;-37.6411;-22.6411;-27.849999999999998;-49.25;-0.0005667471208117076;-37.55;-46.849999999999994;1324.5604248046875;-37.55;-46.95;35.3430061340332
2021-06-25-1100;-30.1411;-53.8444;15;15;-61.3444;-46.3444;-37.6411;-22.6411;-27.849999999999998;-49.25;-0.0006582013729600516;-37.55;-46.849999999999994;1341.90234375;-37.55;-46.349999999999994;31.8944091796875
2021-06-25-1200;-30.1411;-53.8444;15;15;-61.3444;-46.3444;-37.6411;-22.6411;-27.849999999999998;-49.25;-0.0005246984288643075;-37.55;-46.55;1360.835205078125;-37.55;-46.349999999999994;29.04093360900879
2021-06-25-1300;-30.1411;-53.8444;15;15;-61.3444;-46.3444;-37.6411;-22.6411;-24.45;-48.650000000000006;-0.0004583340782494992;-37.55;-46.45;1378.5621337890625;-37.55;-46.45;26.1685848236084
2021-06-25-1400;-30.1411;-53.8444;15;15;-61.3444;-46.3444;-37.6411;-22.6411;-24.45;-48.650000000000006;-0.00038204237606357695;-37.55;-46.349999999999994;1393.3460693359375;-37.55;-46.349999999999994;23.58753776550293
2021-06-25-1500;-30.1411;-53.8444;15;15;-61.3444;-46.3444;-37.6411;-22.6411;-24.349999999999998;-57.349999999999994;-0.00031779769156150954;-37.55;-46.349999999999994;1394.9920654296875;-37.55;-46.349999999999994;21.037317276000977
2021-06-25-1600;-30.1411;-53.8444;15;15;-61.3444;-46.3444;-37.6411;-22.6411;-24.65;-57.25;-0.00035845704809501415;-37.55;-46.349999999999994;1402.5880126953125;-37.55;-50.05;20.47683334350586
2021-06-25-1700;-30.1411;-53.8444;15;15;-61.3444;-46.3444;-37.6411;-22.6411;-24.95;-57.150000000000006;-0.0003580966463419732;-37.55;-46.349999999999994;1411.35595703125;-37.55;-49.650000000000006;20.196048736572266
2021-06-25-1800;-30.1411;-53.8444;15;15;-61.3444;-46.3444;-37.6411;-22.6411;-25.349999999999998;-57.05;-0.000306191397139688;-37.55;-46.349999999999994;1422.2564697265625;-37.55;-49.25;19.85002899169922
2021-06-25-1900;-30.1411;-53.8444;15;15;-61.3444;-46.3444;-37.6411;-22.6411;-27.75;-49.25;-0.00025817180558265984;-37.55;-46.349999999999994;1430.198486328125;-37.55;-49.25;19.566524505615234
2021-06-25-2000;-30.1411;-53.8444;15;15;-61.3444;-46.3444;-37.6411;-22.6411;-26.049999999999997;-55.75;-0.0002770633846034725;-37.55;-46.349999999999994;1435.6285400390625;-37.55;-48.75;19.026165008544922
2021-06-25-2100;-30.1411;-53.8444;15;15;-61.3444;-46.3444;-37.6411;-22.6411;-26.45;-55.55;-0.0002717394865413605;-37.55;-46.349999999999994;1445.5040283203125;-37.55;-48.25;17.888500213623047
2021-06-25-2200;-30.1411;-53.8444;15;15;-61.3444;-46.3444;-37.6411;-22.6411;-26.75;-55.45;-0.00030737215857561725;-37.55;-59.95;1453.113037109375;-22.849999999999998;-58.150000000000006;18.19431495666504
2021-06-25-2300;-30.1411;-53.8444;15;15;-61.3444;-46.3444;-37.6411;-22.6411;-27.15;-55.45;-0.0002527205609089674;-37.55;-59.95;1455.1190185546875;-22.65;-58.25;18.579389572143555
2021-06-26-0000;-30.1411;-53.8444;15;15;-61.3444;-46.3444;-37.6411;-22.6411;-25.95;-51.05;-0.00021795947327735496;-37.55;-59.95;1456.131591796875;-22.75;-58.55;19.97184944152832
2021-06-26-0100;-30.1411;-53.8444;15;15;-61.3444;-46.3444;-37.6411;-22.6411;-25.25;-58.849999999999994;-0.0002507736669391138;-37.55;-59.95;1458.7584228515625;-23.049999999999997;-58.849999999999994;21.12773895263672
2021-06-26-0200;-30.1411;-53.8444;15;15;-61.3444;-46.3444;-37.6411;-22.6411;-28.15;-49.45;-0.00029238974464449157;-37.55;-59.95;1460.4852294921875;-23.95;-59.150000000000006;21.79706573486328
2021-06-26-0300;-30.1411;-53.8444;15;15;-61.3444;-46.3444;-37.6411;-22.6411;-26.049999999999997;-51.55;-0.0002812858383097993;-37.55;-59.45;1464.0841064453125;-24.25;-59.349999999999994;22.580615997314453
2021-06-26-0400;-30.1411;-53.8444;15;15;-61.3444;-46.3444;-37.6411;-22.6411;-26.75;-56.650000000000006;-0.00034009957683810545;-28.849999999999998;-59.95;1462.9193115234375;-24.75;-59.25;23.6897029876709
2021-06-26-0500;-30.1411;-53.8444;15;15;-61.3444;-46.3444;-37.6411;-22.6411;-29.049999999999997;-59.55;-0.0003468209889998903;-29.049999999999997;-59.95;1462.193603515625;-25.25;-59.75;23.30116081237793
2021-06-26-0600;-30.1411;-53.8444;15;15;-61.3444;-46.3444;-37.6411;-22.6411;-27.75;-55.650000000000006;-0.0004798662583579441;-29.35;-59.95;1461.2303466796875;-25.45;-59.849999999999994;23.985986709594727
2021-06-26-0700;-30.1411;-53.8444;15;15;-61.3444;-46.3444;-37.6411;-22.6411;-28.049999999999997;-55.349999999999994;-0.0005918562806748009;-30.049999999999997;-59.95;1457.175537109375;-24.549999999999997;-58.95;24.03335189819336
2021-06-26-0800;-30.1411;-53.8444;15;15;-61.3444;-46.3444;-37.6411;-22.6411;-28.349999999999998;-54.849999999999994;-0.0008646965609500098;-31.65;-59.95;1453.9114990234375;-25.549999999999997;-58.650000000000006;25.485483169555664
2021-06-26-0900;-30.1411;-53.8444;15;15;-61.3444;-46.3444;-37.6411;-22.6411;-28.549999999999997;-54.349999999999994;-0.0008026052564273364;-31.549999999999997;-59.95;1451.394287109375;-26.15;-58.05;26.4321346282959
2021-06-26-1000;-30.1411;-53.8444;15;15;-61.3444;-46.3444;-37.6411;-22.6411;-27.45;-57.349999999999994;-0.0009891431389691904;-28.549999999999997;-59.55;1453.54541015625;-26.049999999999997;-58.349999999999994;27.196949005126953
2021-06-26-1100;-30.1411;-53.8444;15;15;-61.3444;-46.3444;-37.6411;-22.6411;-27.75;-56.849999999999994;-0.0013687401759992948;-31.75;-59.75;1454.0823974609375;-26.45;-57.95;28.47215461730957
2021-06-26-1200;-30.1411;-53.8444;15;15;-61.3444;-46.3444;-37.6411;-22.6411;-27.549999999999997;-57.75;-0.0015050631863119256;-31.549999999999997;-58.849999999999994;1455.4483642578125;-27.049999999999997;-57.45;29.127222061157227
2021-06-26-1300;-30.1411;-53.8444;15;15;-61.3444;-46.3444;-37.6411;-22.6411;-27.95;-57.150000000000006;-0.001594075992654557;-31.25;-58.05;1454.098876953125;-27.549999999999997;-56.650000000000006;29.47609519958496
2021-06-26-1400;-30.1411;-53.8444;15;15;-61.3444;-46.3444;-37.6411;-22.6411;-27.65;-57.95;-0.001629648457745841;-28.95;-55.55;1448.7418212890625;-28.549999999999997;-55.75;29.196298599243164
2021-06-26-1500;-30.1411;-53.8444;15;15;-61.3444;-46.3444;-37.6411;-22.6411;-29.049999999999997;-55.25;-0.0015431233945810566;-30.85;-57.05;1451.0394287109375;-30.45;-51.75;30.30050277709961
2021-06-26-1600;-30.1411;-53.8444;15;15;-61.3444;-46.3444;-37.6411;-22.6411;-30.049999999999997;-53.650000000000006;-0.0012302417084150462;-30.049999999999997;-56.349999999999994;1439.2205810546875;-30.85;-51.05;30.101917266845703
2021-06-26-1700;-30.1411;-53.8444;15;15;-61.3444;-46.3444;-37.6411;-22.6411;-29.35;-55.150000000000006;-0.001415809048600598;-30.85;-55.55;1433.48095703125;-31.049999999999997;-51.05;30.515039443969727
2021-06-26-1800;-30.1411;-53.8444;15;15;-61.3444;-46.3444;-37.6411;-22.6411;-29.85;-54.349999999999994;-0.0016246001847585595;-30.45;-55.45;1432.387451171875;-29.65;-54.349999999999994;33.06378173828125
2021-06-26-1900;-30.277;-53.1915;15;15;-60.6915;-45.6915;-37.777;-22.777;-31.35;-51.849999999999994;-0.001369380868623807;-32.55;-53.349999999999994;1428.9669189453125;-31.25;-51.75;30.397005081176758
2021-06-26-2000;-31.2621;-52.7231;15;15;-60.2231;-45.2231;-38.762100000000004;-23.7621;-30.95;-51.849999999999994;-0.001213636324502649;-33.05;-52.349999999999994;1422.3505859375;-29.45;-51.650000000000006;29.719236373901367
2021-06-26-2100;-32.4411;-52.5241;15;15;-60.0241;-45.0241;-39.9411;-24.9411;-31.45;-51.05;-0.0013028827985246427;-31.65;-50.849999999999994;1418.3731689453125;-29.549999999999997;-51.05;31.86255645751953
2021-06-26-2200;-33.2966;-51.8453;15;15;-59.3453;-44.3453;-40.7966;-25.796599999999998;-31.25;-50.75;-0.0019260724125850653;-31.95;-50.25;1417.1812744140625;-31.549999999999997;-50.45;33.345394134521484
2021-06-26-2300;-33.6838;-51.5397;15;15;-59.0397;-44.0397;-41.1838;-26.183799999999998;-32.150000000000006;-49.95;-0.0016228895020240297;-33.650000000000006;-51.849999999999994;1421.5770263671875;-31.549999999999997;-49.95;36.88518142700195
2021-06-27-0000;-33.8539;-51.2081;15;15;-58.7081;-43.7081;-41.3539;-26.353900000000003;-29.25;-53.150000000000006;-0.0014165497013924853;-34.05;-51.55;1417.3095703125;-32.25;-49.25;38.98506164550781
2021-06-27-0100;-34.0829;-51.0568;15;15;-58.5568;-43.5568;-41.5829;-26.582900000000002;-32.95;-49.349999999999994;-0.002471047827714289;-32.95;-49.150000000000006;1403.5977783203125;-32.849999999999994;-49.150000000000006;37.54265213012695
2021-06-27-0200;-34.3839;-50.9119;15;15;-58.4119;-43.4119;-41.8839;-26.883899999999997;-33.349999999999994;-49.05;-0.002386487581158915;-33.25;-49.05;1408.23583984375;-31.95;-48.45;36.45185852050781
2021-06-27-0300;-34.5284;-50.9268;15;15;-58.4268;-43.4268;-42.0284;-27.028399999999998;-33.75;-48.75;-0.0018342559224700412;-33.650000000000006;-48.75;1404.4835205078125;-32.95;-48.05;37.36421203613281
2021-06-27-0400;-34.6789;-50.8538;15;15;-58.3538;-43.3538;-42.1789;-27.1789;-34.150000000000006;-48.150000000000006;-0.0018300908492367904;-34.05;-48.55;1398.2662353515625;-33.55;-47.55;41.375213623046875
2021-06-27-0500;-34.9016;-50.7879;15;15;-58.2879;-43.2879;-42.4016;-27.401600000000002;-34.349999999999994;-47.349999999999994;-0.0019156440306646759;-34.349999999999994;-47.150000000000006;1397.408447265625;-34.25;-47.05;42.913299560546875
2021-06-27-0600;-35.1124;-50.8983;15;15;-58.3983;-43.3983;-42.6124;-27.6124;-34.849999999999994;-46.849999999999994;-0.001991247676121812;-34.95;-50.45;1393.8033447265625;-34.849999999999994;-46.650000000000006;40.12939453125
2021-06-27-0700;-35.3412;-50.7435;15;15;-58.2435;-43.2435;-42.8412;-27.8412;-35.45;-46.75;-0.002099538099337962;-35.650000000000006;-50.25;1391.685791015625;-35.150000000000006;-45.650000000000006;38.531002044677734
2021-06-27-0800;-35.7145;-50.6022;15;15;-58.1022;-43.1022;-43.2145;-28.2145;-35.95;-46.45;-0.0013814212070935457;-35.75;-46.45;1385.0506591796875;-35.75;-45.55;40.261756896972656
2021-06-27-0900;-36.0154;-50.4525;15;15;-57.9525;-42.9525;-43.5154;-28.5154;-38.75;-51.849999999999994;-0.0012489970784608445;-36.150000000000006;-46.150000000000006;1388.688720703125;-36.45;-45.150000000000006;38.568634033203125
2021-06-27-1000;-36.3828;-50.3984;15;15;-57.8984;-42.8984;-43.8828;-28.882800000000003;-38.849999999999994;-51.849999999999994;-0.001490847049379923;-36.45;-45.55;1390.5343017578125;-36.849999999999994;-44.55;36.25932312011719
2021-06-27-1100;-36.7558;-50.2534;15;15;-57.7534;-42.7534;-44.2558;-29.2558;-39.05;-51.849999999999994;-0.0017215423180844869;-36.849999999999994;-49.25;1393.10595703125;-37.150000000000006;-43.65;32.839500427246094
2021-06-27-1200;-37.2623;-50.3027;15;15;-57.8027;-42.8027;-44.7623;-29.762300000000003;-39.25;-51.95;-0.0017927369120163844;-38.95;-52.150000000000006;1390.8221435546875;-35.55;-43.75;32.93845748901367
2021-06-27-1300;-37.8902;-50.7338;15;15;-58.2338;-43.2338;-45.3902;-30.3902;-39.25;-52.150000000000006;-0.0016642058748067325;-39.45;-52.150000000000006;1387.40283203125;-35.75;-43.25;34.53522872924805
2021-06-27-1400;-38.5164;-51.1723;15;15;-58.6723;-43.6723;-46.0164;-31.016399999999997;-39.349999999999994;-52.349999999999994;-0.0021742099637783283;-39.55;-52.45;1385.465087890625;-33.55;-44.849999999999994;30.750200271606445
2021-06-27-1500;-38.8715;-51.3056;15;15;-58.8056;-43.8056;-46.3715;-31.371499999999997;-39.45;-52.45;-0.0017717226457055649;-39.55;-52.45;1376.75244140625;-34.150000000000006;-43.95;33.441532135009766
2021-06-27-1600;-39.2787;-51.7288;15;15;-59.2288;-44.2288;-46.7787;-31.7787;-39.650000000000006;-52.650000000000006;-0.001718676363028982;-39.75;-52.650000000000006;1362.56689453125;-33.650000000000006;-44.650000000000006;33.27202224731445
2021-06-27-1700;-39.54;-52.1383;15;15;-59.6383;-44.6383;-47.04;-32.04;-39.650000000000006;-52.849999999999994;-0.0018923639816784891;-39.55;-52.650000000000006;1352.1201171875;-33.45;-44.650000000000006;31.234634399414062
2021-06-27-1800;-39.6332;-52.8128;15;15;-60.3128;-45.3128;-47.1332;-32.1332;-39.75;-53.150000000000006;-0.0018345317470087013;-39.55;-52.849999999999994;1340.3909912109375;-40.75;-52.650000000000006;29.467618942260742
2021-06-27-1900;-39.6977;-52.9164;15;15;-60.4164;-45.4164;-47.1977;-32.1977;-39.55;-53.150000000000006;-0.001750117347134276;-39.650000000000006;-52.95;1329.433349609375;-40.650000000000006;-53.150000000000006;33.1992301940918
2021-06-27-2000;-39.6744;-53.1975;15;15;-60.6975;-45.6975;-47.1744;-32.1744;-39.45;-53.349999999999994;-0.0016030204754791748;-39.650000000000006;-53.25;1322.143798828125;-40.55;-53.849999999999994;34.429500579833984
2021-06-27-2100;-39.5784;-53.468;15;15;-60.968;-45.968;-47.0784;-32.0784;-39.650000000000006;-50.650000000000006;-0.0014812245137995326;-39.55;-53.55;1313.645263671875;-40.45;-54.150000000000006;35.586727142333984
2021-06-27-2200;-39.4818;-53.7377;15;15;-61.2377;-46.2377;-46.9818;-31.9818;-39.75;-50.95;-0.0024375889160945063;-39.45;-53.849999999999994;1314.7791748046875;-40.05;-54.75;36.1491584777832
2021-06-27-2300;-39.3125;-53.9958;15;15;-61.4958;-46.4958;-46.8125;-31.8125;-39.849999999999994;-51.349999999999994;-0.001778546512872933;-39.25;-54.05;1314.4656982421875;-39.45;-55.349999999999994;35.54412841796875
2021-06-28-0000;-39.1514;-54.1597;15;15;-61.6597;-46.6597;-46.6514;-31.651400000000002;-39.849999999999994;-51.75;-0.0014765591844992745;-39.150000000000006;-54.150000000000006;1314.1280517578125;-40.45;-54.95;35.406253814697266
2021-06-28-0100;-38.99;-54.323;15;15;-61.823;-46.823;-46.49;-31.490000000000002;-39.849999999999994;-51.95;-0.0015310194285172189;-38.95;-54.349999999999994;1316.327392578125;-39.75;-55.95;34.03043746948242
2021-06-28-0200;-38.8283;-54.4855;15;15;-61.9855;-46.9855;-46.3283;-31.3283;-39.95;-52.25;-0.0014497385211905314;-38.75;-54.45;1316.2349853515625;-39.349999999999994;-56.45;33.66805648803711
2021-06-28-0300;-38.6034;-54.5436;15;15;-62.0436;-47.0436;-46.1034;-31.1034;-40.25;-52.150000000000006;-0.0012615214631480072;-38.55;-54.55;1316.99609375;-39.05;-56.849999999999994;32.907196044921875
2021-06-28-0400;-38.4593;-54.5209;15;15;-62.0209;-47.0209;-45.9593;-30.9593;-40.75;-51.05;-0.0019204159298242293;-38.45;-54.55;1313.985107421875;-40.25;-54.849999999999994;33.15481185913086
2021-06-28-0500;-38.3153;-54.4983;15;15;-61.9983;-46.9983;-45.8153;-30.8153;-40.55;-52.45;-0.0015457373700183347;-38.349999999999994;-54.45;1312.518798828125;-39.849999999999994;-55.25;33.78549575805664
2021-06-28-0600;-38.18;-54.384;15;15;-61.884;-46.884;-45.68;-30.68;-41.05;-51.349999999999994;-0.0013559401419756117;-38.150000000000006;-54.45;1309.7763671875;-40.45;-53.349999999999994;35.253360748291016
2021-06-28-0700;-38.108;-54.3729;15;15;-61.8729;-46.8729;-45.608;-30.607999999999997;-39.95;-53.75;-0.0012796953878431618;-38.150000000000006;-54.349999999999994;1309.1978759765625;-38.25;-56.349999999999994;33.94688034057617
2021-06-28-0800;-38.108;-54.3729;15;15;-61.8729;-46.8729;-45.608;-30.607999999999997;-39.75;-54.25;-0.0010882900769213092;-38.05;-54.349999999999994;1308.7093505859375;-39.95;-54.75;34.01277542114258
2021-06-28-0900;-38.0359;-54.3618;15;15;-61.8618;-46.8618;-45.5359;-30.535899999999998;-38.05;-54.349999999999994;-0.0010224440715007183;-38.05;-54.349999999999994;1311.2691650390625;-40.150000000000006;-54.849999999999994;33.716182708740234
2021-06-28-1000;-38.0359;-54.3618;15;15;-61.8618;-46.8618;-45.5359;-30.535899999999998;-37.849999999999994;-54.25;-0.0010912364960844402;-38.05;-54.349999999999994;1316.0008544921875;-38.55;-55.75;34.22636795043945
2021-06-28-1100;-37.9551;-54.442;15;15;-61.942;-46.942;-45.4551;-30.4551;-37.849999999999994;-54.25;-0.0011101751926350738;-37.95;-54.349999999999994;1316.2911376953125;-40.650000000000006;-54.95;33.372894287109375
2021-06-28-1200;-37.8022;-54.5108;15;15;-62.0108;-47.0108;-45.3022;-30.3022;-37.849999999999994;-54.45;-0.0009154266307739188;-37.849999999999994;-54.45;1317.926025390625;-37.75;-56.349999999999994;32.688087463378906
2021-06-28-1300;-37.7212;-54.5907;15;15;-62.0907;-47.0907;-45.2212;-30.221200000000003;-37.650000000000006;-54.55;-0.0009024256058110009;-37.650000000000006;-54.55;1323.8218994140625;-37.650000000000006;-56.55;31.86790657043457
2021-06-28-1400;-37.4872;-54.7384;15;15;-62.2384;-47.2384;-44.9872;-29.9872;-41.349999999999994;-53.75;-0.0009357915323517091;-37.45;-54.75;1327.5450439453125;-36.849999999999994;-56.650000000000006;31.232986450195312
2021-06-28-1500;-37.1901;-54.7833;15;15;-62.2833;-47.2833;-44.6901;-29.6901;-41.650000000000006;-48.650000000000006;-0.0008744992983959734;-37.150000000000006;-54.75;1327.722900390625;-36.349999999999994;-56.55;30.97672462463379
2021-06-28-1600;-36.893;-54.8279;15;15;-62.3279;-47.3279;-44.393;-29.393;-36.849999999999994;-54.75;-0.0008391786206872816;-36.849999999999994;-54.75;1327.056396484375;-36.45;-56.75;30.504440307617188
2021-06-28-1700;-36.542;-54.6815;15;15;-62.1815;-47.1815;-44.042;-29.042;-36.45;-54.650000000000006;-0.0008153894784265086;-36.55;-54.650000000000006;1329.45556640625;-36.25;-56.95;30.59229850769043
2021-06-28-1800;-36.2086;-54.358;15;15;-61.858;-46.858;-43.7086;-28.708599999999997;-36.150000000000006;-54.45;-0.0008822911499971726;-36.25;-54.349999999999994;1333.2852783203125;-35.75;-56.75;28.95284652709961
2021-06-28-1900;-35.9549;-53.9589;15;15;-61.4589;-46.4589;-43.4549;-28.454900000000002;-35.95;-54.05;-0.0009200234198818965;-35.95;-53.95;1337.36669921875;-34.45;-55.05;29.77715301513672
2021-06-28-2000;-35.7719;-53.5724;15;15;-61.0724;-46.0724;-43.2719;-28.271900000000002;-35.75;-53.55;-0.0009653636071541072;-35.75;-53.55;1338.4749755859375;-34.05;-55.150000000000006;29.767662048339844
2021-06-28-2100;-35.7397;-53.1184;15;15;-60.6184;-45.6184;-43.2397;-28.2397;-35.650000000000006;-53.150000000000006;-0.0009143871496550325;-35.75;-53.150000000000006;1339.8406982421875;-33.45;-55.05;29.14653205871582
2021-06-28-2200;-35.7057;-52.6647;15;15;-60.1647;-45.1647;-43.2057;-28.2057;-35.650000000000006;-52.650000000000006;-0.000988683091678491;-35.75;-52.650000000000006;1343.32763671875;-33.55;-55.150000000000006;28.870309829711914
2021-06-28-2300;-35.735;-52.3091;15;15;-59.8091;-44.8091;-43.235;-28.235;-35.75;-52.25;-0.0010094947249397928;-35.75;-52.349999999999994;1345.98681640625;-33.349999999999994;-55.150000000000006;28.294231414794922
2021-06-29-0000;-35.8284;-52.0509;15;15;-59.5509;-44.5509;-43.3284;-28.328400000000002;-35.849999999999994;-52.05;-0.0010142210315705362;-35.849999999999994;-52.05;1347.4937744140625;-34.349999999999994;-53.25;26.128408432006836
2021-06-29-0100;-35.9076;-51.9704;15;15;-59.4704;-44.4704;-43.4076;-28.407600000000002;-35.95;-51.95;-0.0010317703073294648;-35.849999999999994;-51.95;1348.6229248046875;-33.95;-52.75;25.4075984954834
2021-06-29-0200;-35.8423;-51.8727;15;15;-59.3727;-44.3727;-43.3423;-28.3423;-35.849999999999994;-51.95;-0.0011185076079861633;-35.849999999999994;-51.95;1351.007568359375;-35.150000000000006;-53.05;26.202346801757812
2021-06-29-0300;-35.6188;-51.9363;15;15;-59.4363;-44.4363;-43.1188;-28.1188;-35.650000000000006;-51.95;-0.001100655162533594;-35.650000000000006;-51.849999999999994;1350.53564453125;-34.75;-52.75;27.956186294555664
2021-06-29-0400;-35.409;-51.8224;15;15;-59.3224;-44.3224;-42.909;-27.909;-34.45;-51.95;-0.001316894008901781;-35.45;-51.849999999999994;1350.0438232421875;-34.349999999999994;-52.05;30.83614158630371
2021-06-29-0500;-35.1336;-51.6125;15;15;-59.1125;-44.1125;-42.6336;-27.6336;-34.45;-51.25;-0.0012728788487239079;-35.150000000000006;-51.650000000000006;1349.277099609375;-34.349999999999994;-51.25;30.25240135192871
2021-06-29-0600;-34.943;-51.2359;15;15;-58.7359;-43.7359;-42.443;-27.442999999999998;-34.849999999999994;-51.349999999999994;-0.0010686130464383;-34.95;-51.25;1345.324951171875;-34.05;-51.650000000000006;31.410837173461914
2021-06-29-0700;-34.7572;-50.7733;15;15;-58.2733;-43.2733;-42.2572;-27.257199999999997;-34.650000000000006;-50.849999999999994;-0.0010566569091068705;-34.75;-50.75;1342.28076171875;-33.95;-50.75;33.41355895996094
2021-06-29-0800;-34.7919;-50.2454;15;15;-57.7454;-42.7454;-42.2919;-27.2919;-34.650000000000006;-50.25;-0.0010739891863954581;-34.849999999999994;-50.25;1336.9356689453125;-34.05;-49.95;33.91958236694336
2021-06-29-0900;-34.8913;-49.8116;15;15;-57.3116;-42.3116;-42.3913;-27.3913;-34.849999999999994;-49.75;-0.0010393553450969949;-34.95;-49.849999999999994;1336.92578125;-33.95;-50.150000000000006;35.54696273803711
2021-06-29-1000;-35.0515;-49.5595;15;15;-57.0595;-42.0595;-42.5515;-27.551499999999997;-34.150000000000006;-49.45;-0.0010660065906884925;-35.05;-49.55;1336.178466796875;-33.95;-49.45;36.06104278564453
2021-06-29-1100;-35.0664;-49.2944;15;15;-56.7944;-41.7944;-42.5664;-27.5664;-35.150000000000006;-49.150000000000006;-0.0009916186425456552;-35.05;-49.25;1338.714599609375;-34.25;-48.55;34.86578369140625
2021-06-29-1200;-35.0083;-49.0235;15;15;-56.5235;-41.5235;-42.5083;-27.5083;-35.05;-49.05;-0.0009476354271170476;-35.05;-49.05;1344.3358154296875;-33.849999999999994;-48.55;33.72503662109375
2021-06-29-1300;-34.8772;-48.7476;15;15;-56.2476;-41.2476;-42.3772;-27.377200000000002;-28.349999999999998;-49.45;-0.0010977967018117264;-34.95;-48.650000000000006;1348.6510009765625;-34.05;-48.150000000000006;33.5669059753418
2021-06-29-1400;-34.7578;-48.2084;15;15;-55.7084;-40.7084;-42.2578;-27.257800000000003;-28.349999999999998;-49.45;-0.0010943747793543464;-34.849999999999994;-48.150000000000006;1351.9864501953125;-33.75;-47.95;32.60402297973633
2021-06-29-1500;-34.8531;-47.684;15;15;-55.184;-40.184;-42.3531;-27.353099999999998;-36.349999999999994;-51.75;-0.0011747821777693482;-34.95;-47.650000000000006;1342.210693359375;-33.55;-47.75;32.20443344116211
2021-06-29-1600;-35.0909;-47.1663;15;15;-54.6663;-39.6663;-42.5909;-27.590899999999998;-35.849999999999994;-51.650000000000006;-0.0011590665340612853;-35.25;-47.25;1337.439697265625;-33.45;-47.75;33.60783386230469
2021-06-29-1700;-35.3176;-46.9117;15;15;-54.4117;-39.4117;-42.8176;-27.8176;-35.349999999999994;-51.45;-0.0012341497527538251;-35.349999999999994;-47.05;1333.389892578125;-33.55;-46.849999999999994;32.1826171875
2021-06-29-1800;-35.4684;-46.7412;15;15;-54.2412;-39.2412;-42.9684;-27.968400000000003;-34.95;-51.349999999999994;-0.001199645454505017;-35.45;-46.75;1333.4884033203125;-33.650000000000006;-46.25;30.50771713256836
2021-06-29-1900;-35.3988;-46.6487;15;15;-54.1487;-39.1487;-42.8988;-27.8988;-34.349999999999994;-51.05;-0.0012629141704754545;-35.349999999999994;-46.650000000000006;1332.53564453125;-33.75;-46.05;29.06806182861328
2021-06-29-2000;-35.3318;-46.4677;15;15;-53.9677;-38.9677;-42.8318;-27.8318;-33.849999999999994;-50.75;-0.0015199684812726535;-35.349999999999994;-46.45;1330.5931396484375;-33.150000000000006;-49.849999999999994;30.354658126831055
2021-06-29-2100;-35.1246;-46.1035;15;15;-53.6035;-38.6035;-42.6246;-27.6246;-33.349999999999994;-50.349999999999994;-0.001446369698022613;-35.25;-46.05;1337.7542724609375;-33.25;-50.45;35.39693832397461
2021-06-29-2200;-35.1336;-45.749;15;15;-53.249;-38.249;-42.6336;-27.6336;-33.05;-49.849999999999994;-0.001293586406214303;-35.150000000000006;-45.75;1340.75830078125;-32.849999999999994;-50.05;36.022544860839844
2021-06-29-2300;-35.0672;-45.4807;15;15;-52.9807;-37.9807;-42.5672;-27.5672;-32.650000000000006;-49.349999999999994;-0.001429846391742535;-35.150000000000006;-45.55;1344.2930908203125;-32.45;-49.45;35.39997482299805
2021-06-30-0000;-35.0709;-45.3036;15;15;-52.8036;-37.8036;-42.5709;-27.5709;-32.25;-48.650000000000006;-0.0018786627846136498;-35.05;-45.349999999999994;1345.049560546875;-32.150000000000006;-48.75;34.510128021240234
2021-06-30-0100;-35.0002;-45.213;15;15;-52.713;-37.713;-42.5002;-27.5002;-31.95;-48.05;-0.0022354604675837953;-34.95;-45.150000000000006;1348.321044921875;-31.85;-48.05;35.30169677734375
2021-06-30-0200;-34.7844;-45.1185;15;15;-52.6185;-37.6185;-42.2844;-27.284399999999998;-31.65;-47.349999999999994;-0.0017899933996553138;-42.25;-37.65;1353.08544921875;-31.549999999999997;-47.75;32.488834381103516
2021-06-30-0300;-34.4267;-44.8451;15;15;-52.3451;-37.3451;-41.9267;-26.926699999999997;-31.45;-46.650000000000006;-0.0013657422142454325;-41.849999999999994;-37.349999999999994;1350.3482666015625;-31.15;-47.150000000000006;31.960824966430664
2021-06-30-0400;-34.2857;-44.5786;15;15;-52.0786;-37.0786;-41.7857;-26.7857;-27.75;-49.25;-0.0009192694674989919;-41.75;-37.15;1346.7977294921875;-30.85;-46.45;28.62749481201172
2021-06-30-0500;-33.9279;-44.2221;15;15;-51.7221;-36.7221;-41.4279;-26.4279;-27.95;-49.349999999999994;-0.0008869298610525264;-41.349999999999994;-36.75;1344.6439208984375;-30.65;-45.75;27.754560470581055
2021-06-30-0600;-33.7863;-43.8713;15;15;-51.3713;-36.3713;-41.2863;-26.286299999999997;-27.65;-49.349999999999994;-0.0008775832112408858;-41.25;-36.45;1341.096923828125;-30.35;-44.95;27.57124900817871
2021-06-30-0700;-33.6432;-43.6088;15;15;-51.1088;-36.1088;-41.1432;-26.1432;-27.65;-49.349999999999994;-0.0009043235951493398;-41.05;-36.15;1340.466064453125;-30.25;-44.150000000000006;26.165802001953125
2021-06-30-0800;-33.4995;-43.3473;15;15;-50.8473;-35.8473;-40.9995;-25.999499999999998;-27.65;-49.45;-0.0009605919647721877;-40.95;-35.849999999999994;1343.97509765625;-32.95;-44.150000000000006;27.005844116210938
2021-06-30-0900;-33.0656;-43.1727;15;15;-50.6727;-35.6727;-40.5656;-25.565600000000003;-27.65;-49.45;-0.0008561366537885439;-40.55;-35.75;1353.417236328125;-32.45;-43.75;26.447463989257812
2021-06-30-1000;-32.7763;-42.828;15;15;-50.328;-35.328;-40.2763;-25.2763;-32.55;-42.65;-0.0007833758658096171;-40.25;-35.349999999999994;1356.6673583984375;-32.150000000000006;-43.25;26.308656692504883
2021-06-30-1100;-32.4856;-42.4001;15;15;-49.9001;-34.9001;-39.9856;-24.985599999999998;-27.849999999999998;-49.650000000000006;-0.0009665156961013281;-39.95;-34.95;1356.0482177734375;-32.05;-43.05;25.752288818359375
2021-06-30-1200;-32.3386;-42.059;15;15;-49.559;-34.559;-39.8386;-24.8386;-32.25;-41.95;-0.0007722811369400015;-39.75;-34.65;1362.6961669921875;-31.65;-42.55;24.840242385864258
2021-06-30-1300;-32.1194;-41.8057;15;15;-49.3057;-34.3057;-39.6194;-24.6194;-32.150000000000006;-41.65;-0.0008008365221913957;-39.55;-34.349999999999994;1369.9244384765625;-31.35;-42.05;25.024320602416992
2021-06-30-1400;-31.8947;-41.2135;15;15;-48.7135;-33.7135;-39.3947;-24.3947;-31.95;-41.25;-0.0008233247064371048;-39.349999999999994;-33.75;1367.580078125;-31.049999999999997;-41.75;24.928001403808594
2021-06-30-1500;-31.6737;-40.9639;15;15;-48.4639;-33.4639;-39.1737;-24.1737;-31.75;-40.95;-0.000823331704703723;-39.150000000000006;-33.55;1366.39306640625;-30.85;-41.25;24.927814483642578
2021-06-30-1600;-31.234;-40.6375;15;15;-48.1375;-33.1375;-38.734;-23.734;-31.549999999999997;-40.65;-0.0007601441129916521;-38.650000000000006;-33.15;1371.509033203125;-30.65;-40.55;24.537261962890625
2021-06-30-1700;-31.0778;-40.1366;15;15;-47.6366;-32.6366;-38.577799999999996;-23.5778;-31.45;-40.25;-0.0007408829631162557;-38.55;-32.65;1374.9002685546875;-30.35;-40.15;24.280248641967773
2021-06-30-1800;-30.9218;-39.7217;15;15;-47.2217;-32.2217;-38.421800000000005;-23.4218;-31.049999999999997;-39.65;-0.0007971857538934355;-38.349999999999994;-32.25;1379.1868896484375;-30.35;-40.05;23.50402069091797
2021-06-30-1900;-30.7672;-39.3923;15;15;-46.8923;-31.8923;-38.2672;-23.2672;-30.85;-39.45;-0.0007852521868079994;-38.25;-31.95;1382.8729248046875;-30.35;-39.95;23.2042236328125
2021-06-30-2000;-30.6146;-39.1477;15;15;-46.6477;-31.6477;-38.114599999999996;-23.1146;-30.65;-39.15;-0.0007849206236516576;-38.05;-31.65;1389.420654296875;-30.049999999999997;-39.55;23.25679588317871
2021-06-30-2100;-30.2425;-38.8318;15;15;-46.3318;-31.3318;-37.7425;-22.7425;-30.25;-39.05;-0.0006905814469490078;-37.650000000000006;-31.349999999999998;1398.164306640625;-29.75;-39.15;22.274065017700195
2021-06-30-2200;-30.0135;-38.5107;15;15;-46.0107;-31.0107;-37.5135;-22.5135;-30.35;-38.349999999999994;-0.0006800063653917498;-37.45;-31.049999999999997;1406.4522705078125;-29.65;-38.95;22.04557228088379
2021-06-30-2300;-29.7119;-38.1958;15;15;-45.6958;-30.6958;-37.2119;-22.2119;-30.049999999999997;-38.25;-0.0006789540317412211;-37.150000000000006;-30.75;1412.3619384765625;-29.35;-38.55;21.560462951660156
2021-07-01-0000;-29.5491;-37.7916;15;15;-45.2916;-30.291600000000003;-37.049099999999996;-22.0491;-29.85;-37.95;-0.0007295704463971756;-36.95;-30.349999999999998;1418.2047119140625;-29.049999999999997;-38.25;21.126083374023438
