time;Lat;Lon;length;width;min_lon;max_lon;min_lat;max_lat;min_max_zeta_850_lat;min_max_zeta_850_lon;min_max_zeta_850;min_hgt_850_lat;min_hgt_850_lon;min_hgt_850;max_wind_850_lat;max_wind_850_lon;max_wind_850
2021-06-25-0000;-30.1411;-53.8444;15;15;-61.3444;-46.3444;-37.6411;-22.6411;-37.55;-52.45;-0.0004463939660192065;-37.25;-51.45;1278.3104248046875;-37.25;-46.849999999999994;36.815513610839844
2021-06-25-0100;-30.1411;-53.8444;15;15;-61.3444;-46.3444;-37.6411;-22.6411;-26.549999999999997;-49.650000000000006;-0.0006997433418734293;-37.25;-51.05;1272.2015380859375;-37.55;-46.55;37.5260124206543
2021-06-25-0200;-30.1411;-53.8444;15;15;-61.3444;-46.3444;-37.6411;-22.6411;-29.049999999999997;-49.849999999999994;-0.0005277395288617804;-37.349999999999994;-50.75;1268.231689453125;-36.150000000000006;-51.75;34.57416915893555
2021-06-25-0300;-30.1411;-53.8444;15;15;-61.3444;-46.3444;-37.6411;-22.6411;-29.049999999999997;-49.849999999999994;-0.0008279340434993419;-37.55;-50.25;1273.0230712890625;-36.25;-51.349999999999994;35.098567962646484
2021-06-25-0400;-30.1411;-53.8444;15;15;-61.3444;-46.3444;-37.6411;-22.6411;-29.049999999999997;-49.849999999999994;-0.0009247865872302333;-37.55;-49.75;1272.615234375;-36.349999999999994;-50.650000000000006;36.46266174316406
2021-06-25-0500;-30.1411;-53.8444;15;15;-61.3444;-46.3444;-37.6411;-22.6411;-37.150000000000006;-49.95;-0.0006398863636394151;-37.55;-49.45;1271.0228271484375;-36.849999999999994;-50.25;36.38919448852539
2021-06-25-0600;-30.1411;-53.8444;15;15;-61.3444;-46.3444;-37.6411;-22.6411;-37.55;-49.75;-0.000656462943716944;-37.55;-48.95;1272.61865234375;-37.25;-49.849999999999994;36.38082504272461
2021-06-25-0700;-30.1411;-53.8444;15;15;-61.3444;-46.3444;-37.6411;-22.6411;-37.55;-49.05;-0.0006061432824052122;-37.55;-48.45;1278.211181640625;-37.05;-48.95;36.088714599609375
2021-06-25-0800;-30.1411;-53.8444;15;15;-61.3444;-46.3444;-37.6411;-22.6411;-24.45;-48.650000000000006;-0.0006240201750853875;-37.55;-47.849999999999994;1286.0050048828125;-37.349999999999994;-48.55;36.585792541503906
2021-06-25-0900;-30.1411;-53.8444;15;15;-61.3444;-46.3444;-37.6411;-22.6411;-24.45;-48.650000000000006;-0.0005561123128696378;-37.55;-47.45;1305.0811767578125;-37.55;-48.05;35.61198806762695
2021-06-25-1000;-30.1411;-53.8444;15;15;-61.3444;-46.3444;-37.6411;-22.6411;-27.849999999999998;-49.25;-0.000568203790294055;-37.55;-47.05;1324.94873046875;-37.55;-47.25;34.790462493896484
2021-06-25-1100;-30.1411;-53.8444;15;15;-61.3444;-46.3444;-37.6411;-22.6411;-27.849999999999998;-49.25;-0.0006620119881945107;-37.55;-46.75;1341.6888427734375;-37.55;-46.849999999999994;31.671098709106445
2021-06-25-1200;-30.1411;-53.8444;15;15;-61.3444;-46.3444;-37.6411;-22.6411;-27.849999999999998;-49.25;-0.0005169273421614738;-37.55;-46.650000000000006;1360.539794921875;-37.55;-46.349999999999994;29.612489700317383
2021-06-25-1300;-30.1411;-53.8444;15;15;-61.3444;-46.3444;-37.6411;-22.6411;-24.45;-48.650000000000006;-0.00046328018050865115;-37.55;-46.55;1378.5452880859375;-37.55;-46.349999999999994;26.304323196411133
2021-06-25-1400;-30.1411;-53.8444;15;15;-61.3444;-46.3444;-37.6411;-22.6411;-24.45;-48.650000000000006;-0.0003740197196596326;-37.55;-46.349999999999994;1393.1558837890625;-37.55;-46.349999999999994;23.8121337890625
2021-06-25-1500;-30.1411;-53.8444;15;15;-61.3444;-46.3444;-37.6411;-22.6411;-27.849999999999998;-49.349999999999994;-0.0002836525676662675;-37.55;-46.349999999999994;1395.1058349609375;-37.55;-46.55;21.984386444091797
2021-06-25-1600;-30.1411;-53.8444;15;15;-61.3444;-46.3444;-37.6411;-22.6411;-24.75;-57.25;-0.00029900761854994776;-37.55;-46.349999999999994;1403.212646484375;-37.55;-46.349999999999994;20.414142608642578
2021-06-25-1700;-30.1411;-53.8444;15;15;-61.3444;-46.3444;-37.6411;-22.6411;-25.049999999999997;-57.150000000000006;-0.0003451193795820359;-37.55;-46.349999999999994;1413.0946044921875;-37.55;-49.650000000000006;19.55057716369629
2021-06-25-1800;-30.1411;-53.8444;15;15;-61.3444;-46.3444;-37.6411;-22.6411;-25.349999999999998;-57.05;-0.000308471028993363;-37.55;-46.349999999999994;1423.982421875;-37.55;-49.75;19.262451171875
2021-06-25-1900;-30.1411;-53.8444;15;15;-61.3444;-46.3444;-37.6411;-22.6411;-25.65;-57.05;-0.00028537360983023764;-37.55;-46.349999999999994;1431.649658203125;-37.55;-49.25;19.327157974243164
2021-06-25-2000;-30.1411;-53.8444;15;15;-61.3444;-46.3444;-37.6411;-22.6411;-26.95;-50.25;-0.00024096506127789595;-37.55;-46.349999999999994;1436.53564453125;-37.55;-48.75;18.932584762573242
2021-06-25-2100;-30.1411;-53.8444;15;15;-61.3444;-46.3444;-37.6411;-22.6411;-24.75;-49.05;-0.000231485786671612;-37.55;-46.349999999999994;1446.4281005859375;-37.55;-48.25;17.977703094482422
2021-06-25-2200;-30.1411;-53.8444;15;15;-61.3444;-46.3444;-37.6411;-22.6411;-24.65;-55.55;-0.0002241590559404016;-37.55;-59.95;1453.28564453125;-22.849999999999998;-58.150000000000006;18.120880126953125
2021-06-25-2300;-30.1411;-53.8444;15;15;-61.3444;-46.3444;-37.6411;-22.6411;-25.95;-51.650000000000006;-0.00022309732272056176;-37.55;-59.95;1455.1488037109375;-22.65;-58.349999999999994;18.631925582885742
2021-06-26-0000;-30.1411;-53.8444;15;15;-61.3444;-46.3444;-37.6411;-22.6411;-25.95;-51.05;-0.00024044006315225293;-37.55;-59.95;1456.144775390625;-22.65;-58.650000000000006;20.030237197875977
2021-06-26-0100;-30.1411;-53.8444;15;15;-61.3444;-46.3444;-37.6411;-22.6411;-25.95;-51.05;-0.0002650773857006543;-37.55;-59.95;1458.896240234375;-23.049999999999997;-58.849999999999994;21.100189208984375
2021-06-26-0200;-30.1411;-53.8444;15;15;-61.3444;-46.3444;-37.6411;-22.6411;-28.15;-49.45;-0.00031448760739491286;-37.55;-59.849999999999994;1460.52294921875;-23.75;-59.45;21.771257400512695
2021-06-26-0300;-30.1411;-53.8444;15;15;-61.3444;-46.3444;-37.6411;-22.6411;-26.049999999999997;-51.55;-0.00028674114957888;-37.55;-59.55;1464.1806640625;-24.349999999999998;-59.25;22.536230087280273
2021-06-26-0400;-30.1411;-53.8444;15;15;-61.3444;-46.3444;-37.6411;-22.6411;-26.849999999999998;-56.55;-0.00030121124284585753;-28.849999999999998;-59.95;1462.964599609375;-24.75;-59.25;23.791250228881836
2021-06-26-0500;-30.1411;-53.8444;15;15;-61.3444;-46.3444;-37.6411;-22.6411;-27.349999999999998;-56.05;-0.0003312948371900775;-29.049999999999997;-59.95;1462.2476806640625;-25.15;-59.75;23.411680221557617
2021-06-26-0600;-30.1411;-53.8444;15;15;-61.3444;-46.3444;-37.6411;-22.6411;-27.95;-55.349999999999994;-0.0005167004222809241;-29.35;-59.95;1461.12890625;-24.25;-59.150000000000006;23.65843963623047
2021-06-26-0700;-30.1411;-53.8444;15;15;-61.3444;-46.3444;-37.6411;-22.6411;-28.049999999999997;-55.349999999999994;-0.0005791698532934626;-29.95;-59.95;1457.2237548828125;-24.95;-58.849999999999994;24.234638214111328
2021-06-26-0800;-30.1411;-53.8444;15;15;-61.3444;-46.3444;-37.6411;-22.6411;-28.349999999999998;-54.95;-0.0006770832607021706;-31.75;-59.95;1453.9549560546875;-25.549999999999997;-58.25;25.372098922729492
2021-06-26-0900;-30.1411;-53.8444;15;15;-61.3444;-46.3444;-37.6411;-22.6411;-28.65;-54.349999999999994;-0.000944275736522276;-31.549999999999997;-59.95;1451.514892578125;-26.049999999999997;-58.25;26.54662322998047
2021-06-26-1000;-30.1411;-53.8444;15;15;-61.3444;-46.3444;-37.6411;-22.6411;-29.049999999999997;-54.05;-0.0009232428763380424;-28.549999999999997;-59.55;1453.259521484375;-26.049999999999997;-58.25;27.24669075012207
2021-06-26-1100;-30.1411;-53.8444;15;15;-61.3444;-46.3444;-37.6411;-22.6411;-27.75;-56.95;-0.0015571978396327884;-31.75;-59.75;1453.99072265625;-26.45;-57.95;28.53133201599121
2021-06-26-1200;-30.1411;-53.8444;15;15;-61.3444;-46.3444;-37.6411;-22.6411;-28.049999999999997;-56.55;-0.0011486378484450352;-31.549999999999997;-58.849999999999994;1455.444580078125;-27.049999999999997;-57.349999999999994;28.573284149169922
2021-06-26-1300;-30.1411;-53.8444;15;15;-61.3444;-46.3444;-37.6411;-22.6411;-28.049999999999997;-57.150000000000006;-0.001520081413232048;-28.95;-56.650000000000006;1451.3475341796875;-27.549999999999997;-56.650000000000006;29.19058609008789
2021-06-26-1400;-30.1411;-53.8444;15;15;-61.3444;-46.3444;-37.6411;-22.6411;-28.75;-55.55;-0.0017824538141080377;-31.549999999999997;-58.05;1453.1669921875;-28.65;-55.45;31.205711364746094
2021-06-26-1500;-30.1411;-53.8444;15;15;-61.3444;-46.3444;-37.6411;-22.6411;-28.65;-56.05;-0.0015680515818697013;-30.35;-55.849999999999994;1449.6829833984375;-30.549999999999997;-51.650000000000006;29.507675170898438
2021-06-26-1600;-30.1411;-53.8444;15;15;-61.3444;-46.3444;-37.6411;-22.6411;-30.15;-53.75;-0.0019156720095068833;-30.15;-53.650000000000006;1437.646484375;-30.049999999999997;-53.650000000000006;33.88920593261719
2021-06-26-1700;-30.1411;-53.8444;15;15;-61.3444;-46.3444;-37.6411;-22.6411;-30.549999999999997;-53.25;-0.001639573021686723;-30.85;-55.349999999999994;1431.162109375;-29.15;-53.45;30.822771072387695
2021-06-26-1800;-30.1411;-53.8444;15;15;-61.3444;-46.3444;-37.6411;-22.6411;-30.85;-52.849999999999994;-0.0013377119030075343;-31.65;-54.05;1429.680419921875;-29.65;-52.75;30.976463317871094
2021-06-26-1900;-30.3328;-53.3664;15;15;-60.8664;-45.8664;-37.8328;-22.8328;-30.85;-52.45;-0.001195393158147328;-31.75;-53.95;1427.8564453125;-30.65;-52.349999999999994;30.056312561035156
2021-06-26-2000;-31.7646;-52.7846;15;15;-60.2846;-45.2846;-39.2646;-24.2646;-31.049999999999997;-51.849999999999994;-0.0012881166823268892;-32.75;-52.75;1422.4788818359375;-31.049999999999997;-51.75;31.658185958862305
2021-06-26-2100;-32.6642;-52.4647;15;15;-59.9647;-44.9647;-40.1642;-25.1642;-31.45;-51.150000000000006;-0.0012829857869608747;-31.95;-50.849999999999994;1419.396484375;-29.549999999999997;-51.05;31.619956970214844
2021-06-26-2200;-33.1388;-52.0011;15;15;-59.5011;-44.5011;-40.6388;-25.638800000000003;-31.549999999999997;-50.650000000000006;-0.0017819588431408498;-31.549999999999997;-50.55;1414.1373291015625;-31.35;-50.55;35.4229621887207
2021-06-26-2300;-33.7624;-51.4608;15;15;-58.9608;-43.9608;-41.2624;-26.2624;-31.65;-50.150000000000006;-0.0013945883619989204;-32.150000000000006;-49.849999999999994;1415.1214599609375;-31.85;-49.849999999999994;35.73131561279297
2021-06-27-0000;-33.9067;-51.4766;15;15;-58.9766;-43.9766;-41.4067;-26.4067;-32.55;-49.55;-0.002018442310498977;-32.55;-49.45;1404.6082763671875;-32.45;-49.45;39.23807907104492
2021-06-27-0100;-34.0829;-51.0568;15;15;-58.5568;-43.5568;-41.5829;-26.582900000000002;-32.95;-49.25;-0.002138070814372471;-32.849999999999994;-49.150000000000006;1408.224365234375;-32.849999999999994;-48.75;37.0900764465332
2021-06-27-0200;-34.3716;-51.0869;15;15;-58.5869;-43.5869;-41.8716;-26.8716;-33.25;-49.05;-0.002366845805810451;-34.349999999999994;-51.45;1411.71044921875;-32.349999999999994;-48.349999999999994;35.451629638671875
2021-06-27-0300;-34.4562;-50.9193;15;15;-58.4193;-43.4193;-41.9562;-26.956200000000003;-33.650000000000006;-48.45;-0.0018387301332767648;-34.75;-50.95;1405.87158203125;-33.150000000000006;-47.95;35.903411865234375
2021-06-27-0400;-34.6789;-50.8538;15;15;-58.3538;-43.3538;-42.1789;-27.1789;-34.150000000000006;-47.650000000000006;-0.002229965080086822;-34.849999999999994;-50.95;1399.849853515625;-33.95;-47.349999999999994;37.94675064086914
2021-06-27-0500;-34.9016;-50.7879;15;15;-58.2879;-43.2879;-42.4016;-27.401600000000002;-34.55;-47.25;-0.0023466278250558826;-35.150000000000006;-50.650000000000006;1396.1123046875;-34.45;-47.150000000000006;39.773590087890625
2021-06-27-0600;-35.1184;-50.8099;15;15;-58.3099;-43.3099;-42.6184;-27.6184;-34.849999999999994;-47.25;-0.0016737494217417583;-34.650000000000006;-47.150000000000006;1386.30517578125;-34.55;-46.349999999999994;40.93586730957031
2021-06-27-0700;-35.4135;-50.7508;15;15;-58.2508;-43.2508;-42.9135;-27.9135;-35.349999999999994;-46.75;-0.001889272896083025;-35.25;-46.650000000000006;1381.9365234375;-35.05;-45.650000000000006;41.14640426635742
2021-06-27-0800;-35.7086;-50.6913;15;15;-58.1913;-43.1913;-43.2086;-28.208599999999997;-35.849999999999994;-46.25;-0.001460475724243361;-35.75;-46.150000000000006;1378.8741455078125;-35.55;-44.849999999999994;40.386478424072266
2021-06-27-0900;-36.0096;-50.5419;15;15;-58.0419;-43.0419;-43.5096;-28.5096;-38.849999999999994;-51.95;-0.0013449908508384287;-36.150000000000006;-45.849999999999994;1380.666748046875;-36.45;-44.849999999999994;38.05499267578125
2021-06-27-1000;-36.3104;-50.3913;15;15;-57.8913;-42.8913;-43.8104;-28.8104;-38.849999999999994;-52.150000000000006;-0.0016935261495835908;-38.45;-52.45;1386.891845703125;-36.75;-43.15;35.75728225708008
2021-06-27-1100;-36.7502;-50.3438;15;15;-57.8438;-42.8438;-44.2502;-29.2502;-38.25;-52.349999999999994;-0.0016706127189984297;-38.849999999999994;-52.650000000000006;1383.9896240234375;-37.150000000000006;-43.15;35.33332824707031
2021-06-27-1200;-37.2451;-50.5754;15;15;-58.0754;-43.0754;-44.7451;-29.7451;-39.150000000000006;-52.45;-0.0017325256493996837;-38.75;-52.45;1381.00390625;-35.75;-43.55;32.44258117675781
2021-06-27-1300;-37.8058;-50.9094;15;15;-58.4094;-43.4094;-45.3058;-30.305799999999998;-38.75;-52.55;-0.00149378049926471;-38.75;-52.55;1382.1705322265625;-35.55;-43.45;32.553672790527344
2021-06-27-1400;-38.3591;-51.3406;15;15;-58.8406;-43.8406;-45.8591;-30.859099999999998;-39.150000000000006;-52.75;-0.0019895893031282173;-39.150000000000006;-52.55;1377.845458984375;-33.45;-44.849999999999994;31.43770980834961
2021-06-27-1500;-38.6417;-51.4661;15;15;-58.9661;-43.9661;-46.1417;-31.1417;-39.150000000000006;-52.75;-0.002184290135415196;-39.25;-52.650000000000006;1364.40771484375;-33.05;-45.25;33.123966217041016
2021-06-27-1600;-39.1207;-51.8976;15;15;-59.3976;-44.3976;-46.6207;-31.6207;-39.25;-52.849999999999994;-0.0023168465316868564;-39.25;-52.849999999999994;1351.9698486328125;-33.75;-44.45;33.510684967041016
2021-06-27-1700;-39.4536;-52.3162;15;15;-59.8162;-44.8162;-46.9536;-31.9536;-39.45;-53.150000000000006;-0.002656023326791981;-39.349999999999994;-53.05;1334.9598388671875;-40.349999999999994;-52.95;29.762102127075195
2021-06-27-1800;-39.4581;-53.167;15;15;-60.667;-45.667;-46.9581;-31.9581;-39.45;-53.349999999999994;-0.002730096718586297;-39.349999999999994;-53.150000000000006;1322.696044921875;-39.650000000000006;-53.650000000000006;33.56648254394531
2021-06-27-1900;-39.4423;-53.3537;15;15;-60.8537;-45.8537;-46.9423;-31.942300000000003;-39.45;-53.650000000000006;-0.002172997545802041;-39.45;-53.349999999999994;1305.564208984375;-39.75;-53.95;36.7442512512207
2021-06-27-2000;-39.418;-53.6337;15;15;-61.1337;-46.1337;-46.918;-31.918;-39.650000000000006;-50.95;-0.001989036470962715;-39.45;-53.650000000000006;1297.9185791015625;-39.849999999999994;-54.45;36.40248107910156
2021-06-27-2100;-39.321;-53.9026;15;15;-61.4026;-46.4026;-46.821;-31.820999999999998;-39.849999999999994;-51.349999999999994;-0.0019440332331703896;-39.25;-53.95;1291.7042236328125;-39.95;-51.25;36.361331939697266
2021-06-27-2200;-39.1514;-54.1597;15;15;-61.6597;-46.6597;-46.6514;-31.651400000000002;-39.95;-51.55;-0.0016632403161724943;-39.150000000000006;-54.150000000000006;1295.31005859375;-40.150000000000006;-51.75;37.11967849731445
2021-06-27-2300;-38.9179;-54.3117;15;15;-61.8117;-46.8117;-46.4179;-31.417900000000003;-39.849999999999994;-52.349999999999994;-0.0017900157168635044;-38.95;-54.25;1293.546875;-40.25;-52.150000000000006;40.321868896484375
2021-06-28-0000;-38.7739;-54.2894;15;15;-61.7894;-46.7894;-46.2739;-31.273899999999998;-40.05;-52.849999999999994;-0.002378533362658927;-38.75;-54.349999999999994;1292.0718994140625;-40.25;-52.95;39.67696762084961
2021-06-28-0100;-38.621;-54.3593;15;15;-61.8593;-46.8593;-46.121;-31.121000000000002;-40.05;-53.25;-0.0018412125967905966;-38.650000000000006;-54.349999999999994;1292.8232421875;-40.150000000000006;-53.55;39.34236526489258
2021-06-28-0200;-38.549;-54.3481;15;15;-61.8481;-46.8481;-46.049;-31.049;-39.849999999999994;-53.95;-0.0014908809256925929;-38.55;-54.349999999999994;1292.955322265625;-40.05;-54.05;38.22373580932617
2021-06-28-0300;-38.4049;-54.3257;15;15;-61.8257;-46.8257;-45.9049;-30.904899999999998;-39.849999999999994;-54.25;-0.0013889161409998871;-38.45;-54.25;1294.850341796875;-39.55;-55.150000000000006;38.06551742553711
2021-06-28-0400;-38.4049;-54.3257;15;15;-61.8257;-46.8257;-45.9049;-30.904899999999998;-40.849999999999994;-52.349999999999994;-0.0015195899750136725;-38.349999999999994;-54.25;1290.3970947265625;-38.849999999999994;-55.849999999999994;38.97026062011719
2021-06-28-0500;-38.3329;-54.3146;15;15;-61.8146;-46.8146;-45.8329;-30.832900000000002;-38.349999999999994;-54.25;-0.0012834977581480387;-38.349999999999994;-54.349999999999994;1291.8961181640625;-38.650000000000006;-56.05;37.84046936035156
2021-06-28-0600;-38.3241;-54.4064;15;15;-61.9064;-46.9064;-45.8241;-30.8241;-38.349999999999994;-54.349999999999994;-0.0012371392337562088;-38.25;-54.45;1294.69091796875;-38.45;-56.150000000000006;35.948768615722656
2021-06-28-0700;-38.2343;-54.5787;15;15;-62.0787;-47.0787;-45.7343;-30.734299999999998;-38.25;-54.45;-0.0011978094902549584;-38.25;-54.55;1293.3385009765625;-38.349999999999994;-56.349999999999994;35.312156677246094
2021-06-28-0800;-38.0723;-54.739;15;15;-62.239;-47.239;-45.5723;-30.5723;-38.150000000000006;-54.650000000000006;-0.0012184257022986075;-38.05;-54.650000000000006;1290.786865234375;-38.45;-56.45;33.09674835205078
2021-06-28-0900;-37.7752;-54.7842;15;15;-62.2842;-47.2842;-45.2752;-30.275199999999998;-37.75;-54.849999999999994;-0.0011629001037058656;-37.75;-54.849999999999994;1289.36572265625;-36.95;-56.95;32.207462310791016
2021-06-28-1000;-37.4781;-54.8292;15;15;-62.3292;-47.3292;-44.9781;-29.978099999999998;-37.45;-54.849999999999994;-0.0011699787816777715;-37.55;-54.849999999999994;1290.6573486328125;-40.05;-55.650000000000006;31.688251495361328
2021-06-28-1100;-37.1901;-54.7833;15;15;-62.2833;-47.2833;-44.6901;-29.6901;-37.150000000000006;-54.849999999999994;-0.0011628003095937784;-37.150000000000006;-54.75;1293.048095703125;-39.45;-56.349999999999994;31.66639518737793
2021-06-28-1200;-36.92;-54.5577;15;15;-62.0577;-47.0577;-44.42;-29.42;-36.95;-54.650000000000006;-0.001201721603856845;-36.95;-54.55;1296.9862060546875;-37.05;-57.150000000000006;31.92695426940918
2021-06-28-1300;-36.7936;-54.3556;15;15;-61.8556;-46.8556;-44.2936;-29.293599999999998;-36.75;-54.349999999999994;-0.0011898811464868633;-36.75;-54.349999999999994;1301.6956787109375;-36.650000000000006;-57.349999999999994;30.95502471923828
2021-06-28-1400;-36.7303;-54.2548;15;15;-61.7548;-46.7548;-44.2303;-29.2303;-36.75;-54.150000000000006;-0.0011300215181471477;-36.75;-54.25;1304.449951171875;-36.05;-56.95;29.83097267150879
2021-06-28-1500;-36.6669;-54.1541;15;15;-61.6541;-46.6541;-44.1669;-29.1669;-36.75;-54.05;-0.0011026981787514273;-36.650000000000006;-54.150000000000006;1303.4178466796875;-36.349999999999994;-57.150000000000006;28.45634651184082
2021-06-28-1600;-36.6034;-54.0537;15;15;-61.5537;-46.5537;-44.1034;-29.1034;-36.650000000000006;-54.05;-0.0010857974784813035;-36.55;-54.05;1303.0682373046875;-34.45;-55.05;27.407060623168945
2021-06-28-1700;-36.4678;-53.9429;15;15;-61.4429;-46.4429;-43.9678;-28.967799999999997;-36.45;-53.95;-0.0010391352208900335;-36.45;-53.95;1305.58203125;-35.75;-55.95;27.90662956237793
2021-06-28-1800;-36.332;-53.8325;15;15;-61.3325;-46.3325;-43.832;-28.832;-36.25;-53.849999999999994;-0.0009868439973516518;-36.349999999999994;-53.75;1310.5257568359375;-35.150000000000006;-54.75;28.306900024414062
2021-06-28-1900;-36.2044;-53.6331;15;15;-61.1331;-46.1331;-43.7044;-28.7044;-36.150000000000006;-53.650000000000006;-0.000971555637972423;-36.150000000000006;-53.650000000000006;1314.6080322265625;-33.45;-55.05;27.96255874633789
2021-06-28-2000;-36.0765;-53.4344;15;15;-60.9344;-45.9344;-43.5765;-28.576500000000003;-36.150000000000006;-53.45;-0.0009187949911973027;-36.05;-53.45;1315.848876953125;-34.75;-54.25;28.038387298583984
2021-06-28-2100;-35.9403;-53.3255;15;15;-60.8255;-45.8255;-43.4403;-28.4403;-35.95;-53.349999999999994;-0.000890758743708171;-35.95;-53.25;1319.2032470703125;-34.75;-53.45;28.756023406982422
2021-06-28-2200;-35.8118;-53.128;15;15;-60.628;-45.628;-43.3118;-28.311799999999998;-35.849999999999994;-53.150000000000006;-0.0008800366924393275;-35.849999999999994;-53.05;1326.068115234375;-34.75;-53.349999999999994;29.629243850708008
2021-06-28-2300;-35.6109;-52.9218;15;15;-60.4218;-45.4218;-43.1109;-28.1109;-35.650000000000006;-52.95;-0.0008221801151945735;-35.650000000000006;-52.849999999999994;1330.4241943359375;-34.650000000000006;-52.75;30.26514434814453
2021-06-29-0000;-35.4171;-52.6281;15;15;-60.1281;-45.1281;-42.9171;-27.917099999999998;-35.45;-52.650000000000006;-0.0007825084443822817;-35.45;-52.55;1334.282958984375;-35.349999999999994;-53.75;29.137529373168945
2021-06-29-0100;-35.3741;-52.2651;15;15;-59.7651;-44.7651;-42.8741;-27.8741;-36.75;-52.25;-0.0007997363045896898;-35.349999999999994;-52.25;1335.7176513671875;-34.75;-53.150000000000006;29.678163528442383
2021-06-29-0200;-35.33;-51.9025;15;15;-59.4025;-44.4025;-42.83;-27.83;-34.45;-52.45;-0.000972331979969647;-35.349999999999994;-51.95;1337.060302734375;-34.349999999999994;-52.55;33.08922576904297
2021-06-29-0300;-35.3503;-51.637;15;15;-59.137;-44.137;-42.8503;-27.850299999999997;-34.45;-51.650000000000006;-0.001075531040035441;-35.349999999999994;-51.650000000000006;1335.3031005859375;-34.25;-51.650000000000006;34.67478942871094
2021-06-29-0400;-35.4422;-51.3792;15;15;-58.8792;-43.8792;-42.9422;-27.9422;-34.650000000000006;-50.849999999999994;-0.0009904309580788435;-35.45;-51.349999999999994;1335.1768798828125;-34.55;-50.75;33.40016174316406
2021-06-29-0500;-35.455;-51.2018;15;15;-58.7018;-43.7018;-42.955;-27.955;-35.150000000000006;-50.349999999999994;-0.0008919164454883632;-35.45;-51.150000000000006;1334.2568359375;-34.349999999999994;-50.55;30.865325927734375
2021-06-29-0600;-35.389;-51.1055;15;15;-58.6055;-43.6055;-42.889;-27.889000000000003;-35.45;-50.25;-0.0007799267115806321;-35.349999999999994;-51.05;1330.939453125;-34.05;-50.849999999999994;31.578065872192383
2021-06-29-0700;-35.1907;-50.8173;15;15;-58.3173;-43.3173;-42.6907;-27.6907;-35.75;-50.45;-0.0008174384801211459;-35.25;-50.849999999999994;1330.53857421875;-34.25;-50.05;32.23111343383789
2021-06-29-0800;-35.4537;-50.1297;15;15;-57.6297;-42.6297;-42.9537;-27.953699999999998;-28.349999999999998;-49.349999999999994;-0.000963884166765956;-35.150000000000006;-50.55;1328.989501953125;-34.150000000000006;-50.05;31.944669723510742
2021-06-29-0900;-35.4592;-50.0409;15;15;-57.5409;-42.5409;-42.9592;-27.959200000000003;-34.45;-50.05;-0.0009888738558195703;-35.05;-50.150000000000006;1330.31591796875;-34.349999999999994;-50.05;34.14531326293945
2021-06-29-1000;-34.9637;-49.8181;15;15;-57.3181;-42.3181;-42.4637;-27.463700000000003;-34.45;-49.55;-0.001130018587843006;-35.05;-49.75;1329.6048583984375;-34.25;-49.650000000000006;34.99436950683594
2021-06-29-1100;-35.0664;-49.2944;15;15;-56.7944;-41.7944;-42.5664;-27.5664;-35.75;-49.25;-0.00108398303138694;-35.150000000000006;-49.25;1328.8343505859375;-33.650000000000006;-50.05;34.45465850830078
2021-06-29-1200;-35.3747;-48.9632;15;15;-56.4632;-41.4632;-42.8747;-27.874699999999997;-28.25;-49.349999999999994;-0.0011134879880228836;-35.349999999999994;-48.95;1331.0880126953125;-33.55;-49.95;36.52541732788086
2021-06-29-1300;-35.3793;-48.8745;15;15;-56.3745;-41.3745;-42.8793;-27.8793;-28.349999999999998;-49.45;-0.0011062102887276302;-35.349999999999994;-48.95;1332.107666015625;-33.45;-49.55;35.46235656738281
2021-06-29-1400;-35.1839;-48.4151;15;15;-55.9151;-40.9151;-42.6839;-27.6839;-34.349999999999994;-48.25;-0.0010543435057495268;-35.150000000000006;-48.349999999999994;1334.88427734375;-33.349999999999994;-48.95;34.44868087768555
2021-06-29-1500;-35.1962;-48.1493;15;15;-55.6493;-40.6493;-42.6962;-27.696199999999997;-34.349999999999994;-47.650000000000006;-0.0011334689177824135;-35.25;-48.150000000000006;1325.7257080078125;-33.150000000000006;-48.150000000000006;33.62609100341797
2021-06-29-1600;-35.2001;-48.0607;15;15;-55.5607;-40.5607;-42.7001;-27.7001;-34.650000000000006;-47.05;-0.0010362038091941994;-35.150000000000006;-48.05;1325.6160888671875;-34.55;-46.95;33.172325134277344
2021-06-29-1700;-34.7979;-47.2388;15;15;-54.7388;-39.7388;-42.2979;-27.2979;-35.150000000000006;-46.849999999999994;-0.0009413458199465303;-34.849999999999994;-47.25;1326.2135009765625;-33.05;-47.150000000000006;32.67758560180664
2021-06-29-1800;-34.9523;-46.9817;15;15;-54.4817;-39.4817;-42.4523;-27.4523;-34.75;-47.95;-0.0008462696831615672;-34.95;-46.849999999999994;1328.37255859375;-34.150000000000006;-46.95;32.232505798339844
2021-06-29-1900;-34.9612;-46.7165;15;15;-54.2165;-39.2165;-42.4612;-27.461199999999998;-34.95;-46.349999999999994;-0.0008806072794810485;-34.95;-46.650000000000006;1329.8343505859375;-33.45;-46.55;31.334131240844727
2021-06-29-2000;-34.9722;-46.3629;15;15;-53.8629;-38.8629;-42.4722;-27.4722;-34.849999999999994;-47.150000000000006;-0.0008284699669771317;-34.95;-46.45;1328.9718017578125;-33.349999999999994;-46.349999999999994;30.079736709594727
2021-06-29-2100;-34.8298;-46.2683;15;15;-53.7683;-38.7683;-42.3298;-27.3298;-34.349999999999994;-46.849999999999994;-0.0008764421648943893;-34.849999999999994;-46.25;1335.8251953125;-33.95;-46.05;29.512847900390625
2021-06-29-2200;-34.6304;-45.5548;15;15;-53.0548;-38.0548;-42.1304;-27.1304;-34.05;-46.25;-0.0008449807120230308;-34.650000000000006;-45.45;1339.84228515625;-33.95;-46.150000000000006;28.255538940429688
2021-06-29-2300;-34.7827;-45.2067;15;15;-52.7067;-37.7067;-42.2827;-27.2827;-34.05;-45.45;-0.000887035720025866;-34.75;-45.25;1342.6845703125;-28.849999999999998;-49.95;28.174238204956055
2021-06-30-0000;-34.7119;-45.1165;15;15;-52.6165;-37.6165;-42.2119;-27.2119;-34.150000000000006;-44.95;-0.0009248179741559134;-34.75;-45.05;1342.290771484375;-28.849999999999998;-49.95;28.57485580444336
2021-06-30-0100;-34.5701;-44.9365;15;15;-52.4365;-37.4365;-42.0701;-27.070099999999996;-34.349999999999994;-44.55;-0.0009442719564414604;-34.55;-44.849999999999994;1342.65869140625;-28.849999999999998;-49.95;28.91225242614746
2021-06-30-0200;-34.5768;-44.4965;15;15;-51.9965;-36.9965;-42.0768;-27.0768;-33.75;-44.45;-0.0009307318354705605;-34.55;-44.45;1344.7515869140625;-31.549999999999997;-48.75;29.478792190551758
2021-06-30-0300;-34.288;-44.4032;15;15;-51.9032;-36.9032;-41.788;-26.787999999999997;-33.849999999999994;-43.95;-0.0009468357639942178;-34.45;-44.45;1344.0960693359375;-31.25;-48.05;30.273298263549805
2021-06-30-0400;-34.0766;-43.7871;15;15;-51.2871;-36.2871;-41.5766;-26.5766;-34.349999999999994;-44.45;-0.0009397475285910033;-34.150000000000006;-43.849999999999994;1346.814208984375;-30.85;-47.45;30.1214599609375
2021-06-30-0500;-33.5703;-43.6952;15;15;-51.1952;-36.1952;-41.0703;-26.070300000000003;-27.75;-49.25;-0.0008962969260126153;-34.150000000000006;-43.75;1350.0399169921875;-30.549999999999997;-46.55;28.856569290161133
2021-06-30-0600;-33.716;-43.5223;15;15;-51.0223;-36.0223;-41.216;-26.216;-34.05;-43.75;-0.0008802705463745657;-41.150000000000006;-36.05;1348.33349609375;-33.05;-43.849999999999994;28.04485321044922
2021-06-30-0700;-33.4275;-42.8265;15;15;-50.3265;-35.3265;-40.9275;-25.927500000000002;-27.65;-49.349999999999994;-0.0008906786254817773;-40.849999999999994;-35.349999999999994;1346.849365234375;-30.15;-44.95;26.708602905273438
2021-06-30-0800;-33.4988;-42.4791;15;15;-49.9791;-34.9791;-40.9988;-25.998800000000003;-27.75;-49.45;-0.0008373454171302128;-40.95;-35.05;1347.312255859375;-32.650000000000006;-43.25;25.902082443237305
2021-06-30-0900;-33.4249;-42.2194;15;15;-49.7194;-34.7194;-40.9249;-25.9249;-27.65;-49.45;-0.0009172615500774401;-40.849999999999994;-34.75;1350.63525390625;-29.95;-43.55;23.99224281311035
2021-06-30-1000;-33.4228;-41.9592;15;15;-49.4592;-34.4592;-40.9228;-25.922800000000002;-27.65;-49.45;-0.0008746406656808476;-40.849999999999994;-34.55;1352.39013671875;-29.75;-46.45;24.800567626953125
2021-06-30-1100;-33.204;-41.7891;15;15;-49.2891;-34.2891;-40.704;-25.704;-32.25;-42.75;-0.0006833321201614563;-40.650000000000006;-34.349999999999994;1352.4368896484375;-29.25;-45.849999999999994;25.596553802490234
2021-06-30-1200;-32.9849;-41.62;15;15;-49.12;-34.12;-40.4849;-25.484900000000003;-32.05;-42.65;-0.0006630356204080715;-40.45;-34.15;1358.7615966796875;-29.049999999999997;-43.15;24.7907657623291
2021-06-30-1300;-32.8327;-41.1061;15;15;-48.6061;-33.6061;-40.3327;-25.332700000000003;-28.95;-43.75;-0.0007444370126444683;-40.25;-33.65;1362.5345458984375;-32.25;-42.75;23.666818618774414
2021-06-30-1400;-32.5388;-40.8558;15;15;-48.3558;-33.3558;-40.0388;-25.038800000000002;-28.75;-43.25;-0.0008162324098422267;-39.95;-33.45;1364.93212890625;-32.150000000000006;-42.349999999999994;24.154630661010742
2021-06-30-1500;-32.4613;-40.6008;15;15;-48.1008;-33.1008;-39.9613;-24.9613;-28.549999999999997;-42.65;-0.0007180567993245125;-39.95;-33.15;1359.3304443359375;-31.549999999999997;-42.25;24.17414093017578
2021-06-30-1600;-32.2387;-40.3511;15;15;-47.8511;-32.8511;-39.7387;-24.7387;-32.55;-40.349999999999994;-0.0006805552205451097;-39.650000000000006;-32.95;1363.2286376953125;-30.95;-41.849999999999994;23.872451782226562
2021-06-30-1700;-32.1623;-40.1829;15;15;-47.6829;-32.6829;-39.6623;-24.662300000000002;-32.349999999999994;-40.25;-0.0007046160696160806;-39.650000000000006;-32.75;1370.2117919921875;-30.75;-41.65;23.894710540771484
2021-06-30-1800;-31.7247;-40.0285;15;15;-47.5285;-32.5285;-39.2247;-24.2247;-32.05;-40.15;-0.0007257172682708757;-39.150000000000006;-32.55;1378.8153076171875;-30.35;-41.349999999999994;24.10098648071289
2021-06-30-1900;-31.4314;-39.8701;15;15;-47.3701;-32.3701;-38.9314;-23.9314;-31.75;-40.05;-0.0006853436658577471;-38.849999999999994;-32.45;1385.739990234375;-30.049999999999997;-40.849999999999994;24.541902542114258
2021-06-30-2000;-30.6362;-39.8171;15;15;-47.3171;-32.3171;-38.1362;-23.1362;-31.45;-39.849999999999994;-0.0006992071758680229;-38.05;-32.349999999999994;1399.3289794921875;-30.15;-40.75;25.070613861083984
2021-06-30-2100;-30.4099;-39.4918;15;15;-46.9918;-31.991799999999998;-37.9099;-22.9099;-31.15;-39.849999999999994;-0.0006717851292218817;-37.849999999999994;-32.05;1406.0592041015625;-29.65;-40.349999999999994;24.647714614868164
2021-06-30-2200;-30.0447;-39.3412;15;15;-46.8412;-31.8412;-37.5447;-22.5447;-29.15;-39.45;-0.00060123160440032;-37.45;-31.849999999999998;1416.946044921875;-29.95;-40.45;24.542234420776367
2021-06-30-2300;-29.7455;-39.023;15;15;-46.523;-31.523000000000003;-37.2455;-22.2455;-29.049999999999997;-38.849999999999994;-0.0005901223926211295;-37.150000000000006;-31.549999999999997;1423.9393310546875;-30.049999999999997;-40.25;24.158958435058594
2021-07-01-0000;-29.5238;-38.8684;15;15;-46.3684;-31.3684;-37.0238;-22.0238;-26.75;-45.849999999999994;-0.0006460694566278419;-36.95;-31.45;1432.7421875;-29.549999999999997;-40.25;23.486495971679688
