time;Lat;Lon;length;width;min_lon;max_lon;min_lat;max_lat;min_max_zeta_850_lat;min_max_zeta_850_lon;min_max_zeta_850;min_hgt_850_lat;min_hgt_850_lon;min_hgt_850;max_wind_850_lat;max_wind_850_lon;max_wind_850
2021-06-25-0000;-29.0616;-53.784;15;15;-61.284;-46.284;-36.5616;-21.5616;-35.95;-51.849999999999994;-0.0007760945600839834;-36.55;-51.650000000000006;1283.562744140625;-36.55;-46.349999999999994;36.7221794128418
2021-06-25-0100;-29.0616;-53.784;15;15;-61.284;-46.284;-36.5616;-21.5616;-36.55;-51.650000000000006;-0.0007444972253913239;-36.55;-51.25;1291.0697021484375;-36.55;-46.75;34.94270706176758
2021-06-25-0200;-29.0616;-53.784;15;15;-61.284;-46.284;-36.5616;-21.5616;-36.05;-46.45;-0.0008776963158884546;-36.55;-50.650000000000006;1279.1717529296875;-36.05;-46.349999999999994;34.69364929199219
2021-06-25-0300;-29.0616;-53.784;15;15;-61.284;-46.284;-36.5616;-21.5616;-29.049999999999997;-49.849999999999994;-0.0008614717589564214;-36.55;-49.95;1281.478271484375;-35.849999999999994;-50.150000000000006;36.52666473388672
2021-06-25-0400;-29.0616;-53.784;15;15;-61.284;-46.284;-36.5616;-21.5616;-29.049999999999997;-49.849999999999994;-0.000821941319017377;-36.55;-49.349999999999994;1289.3499755859375;-36.05;-49.650000000000006;39.355648040771484
2021-06-25-0500;-29.0616;-53.784;15;15;-61.284;-46.284;-36.5616;-21.5616;-29.049999999999997;-49.849999999999994;-0.0007635735060367568;-36.55;-48.95;1296.3267822265625;-35.95;-48.45;38.891456604003906
2021-06-25-0600;-29.0616;-53.784;15;15;-61.284;-46.284;-36.5616;-21.5616;-29.049999999999997;-49.95;-0.0006150349717692822;-36.55;-48.25;1317.76220703125;-36.55;-48.349999999999994;37.73972702026367
2021-06-25-0700;-29.0616;-53.784;15;15;-61.284;-46.284;-36.5616;-21.5616;-29.049999999999997;-49.849999999999994;-0.0005535754699911566;-36.55;-47.95;1339.848876953125;-36.55;-47.05;36.20323944091797
2021-06-25-0800;-29.0616;-53.784;15;15;-61.284;-46.284;-36.5616;-21.5616;-24.349999999999998;-48.849999999999994;-0.0004595888964698035;-36.55;-48.45;1349.477783203125;-36.55;-46.349999999999994;28.614803314208984
2021-06-25-0900;-29.0616;-53.784;15;15;-61.284;-46.284;-36.5616;-21.5616;-27.849999999999998;-49.25;-0.00046931766136345686;-36.55;-47.849999999999994;1361.1015625;-36.55;-47.849999999999994;25.245311737060547
2021-06-25-1000;-29.0616;-53.784;15;15;-61.284;-46.284;-36.5616;-21.5616;-27.849999999999998;-49.25;-0.0005529636464062178;-36.55;-47.849999999999994;1377.388427734375;-36.55;-47.849999999999994;25.202396392822266
2021-06-25-1100;-29.0616;-53.784;15;15;-61.284;-46.284;-36.5616;-21.5616;-27.849999999999998;-49.25;-0.0005070559481558515;-36.55;-47.45;1390.8433837890625;-36.45;-47.849999999999994;23.93010139465332
2021-06-25-1200;-29.0616;-53.784;15;15;-61.284;-46.284;-36.5616;-21.5616;-24.349999999999998;-48.75;-0.0003887119449550277;-36.55;-47.95;1399.526611328125;-36.55;-46.75;22.98992919921875
2021-06-25-1300;-29.0616;-53.784;15;15;-61.284;-46.284;-36.5616;-21.5616;-24.45;-48.75;-0.0003592391905535251;-36.55;-47.150000000000006;1410.0870361328125;-36.55;-46.349999999999994;22.18943214416504
2021-06-25-1400;-29.0616;-53.784;15;15;-61.284;-46.284;-36.5616;-21.5616;-25.049999999999997;-58.05;-0.00025881924212727903;-36.55;-46.45;1420.124267578125;-36.55;-53.05;20.343507766723633
2021-06-25-1500;-29.0616;-53.784;15;15;-61.284;-46.284;-36.5616;-21.5616;-25.349999999999998;-57.849999999999994;-0.0003053454529171696;-36.55;-46.349999999999994;1422.5948486328125;-36.55;-52.349999999999994;19.878931045532227
2021-06-25-1600;-29.0616;-53.784;15;15;-61.284;-46.284;-36.5616;-21.5616;-25.65;-57.650000000000006;-0.00030570676424111103;-36.55;-46.349999999999994;1427.5439453125;-36.55;-48.849999999999994;19.475488662719727
2021-06-25-1700;-29.0616;-53.784;15;15;-61.284;-46.284;-36.5616;-21.5616;-27.45;-49.849999999999994;-0.0003169817568709391;-36.55;-46.349999999999994;1436.5335693359375;-36.55;-48.349999999999994;18.769020080566406
2021-06-25-1800;-29.0616;-53.784;15;15;-61.284;-46.284;-36.5616;-21.5616;-25.349999999999998;-53.150000000000006;-0.00033745874675593303;-36.55;-46.349999999999994;1444.6385498046875;-22.549999999999997;-59.55;18.167451858520508
2021-06-25-1900;-29.0616;-53.784;15;15;-61.284;-46.284;-36.5616;-21.5616;-26.95;-50.150000000000006;-0.0003412539401662852;-36.55;-46.349999999999994;1451.767822265625;-22.95;-59.25;17.89389991760254
2021-06-25-2000;-29.0616;-53.784;15;15;-61.284;-46.284;-36.5616;-21.5616;-27.049999999999997;-50.55;-0.00031539909145838574;-36.55;-46.349999999999994;1456.007080078125;-23.349999999999998;-59.05;17.77613067626953
2021-06-25-2100;-29.0616;-53.784;15;15;-61.284;-46.284;-36.5616;-21.5616;-27.349999999999998;-50.849999999999994;-0.0002843345405272759;-31.15;-59.95;1464.620361328125;-23.65;-58.95;17.259151458740234
2021-06-25-2200;-29.0616;-53.784;15;15;-61.284;-46.284;-36.5616;-21.5616;-25.95;-51.650000000000006;-0.0002709070703799823;-30.549999999999997;-59.95;1465.7861328125;-25.549999999999997;-57.650000000000006;18.49593734741211
2021-06-25-2300;-29.0616;-53.784;15;15;-61.284;-46.284;-36.5616;-21.5616;-26.049999999999997;-51.650000000000006;-0.00041214560673990907;-29.35;-59.95;1466.316162109375;-25.95;-57.45;19.400672912597656
2021-06-26-0000;-29.0616;-53.784;15;15;-61.284;-46.284;-36.5616;-21.5616;-26.25;-51.650000000000006;-0.00038406590995487567;-29.15;-59.95;1467.0777587890625;-21.65;-58.95;20.64267349243164
2021-06-26-0100;-29.0616;-53.784;15;15;-61.284;-46.284;-36.5616;-21.5616;-21.75;-59.45;-0.00033483724125841943;-29.049999999999997;-59.95;1466.34765625;-22.049999999999997;-58.75;21.235736846923828
2021-06-26-0200;-29.0616;-53.784;15;15;-61.284;-46.284;-36.5616;-21.5616;-22.349999999999998;-59.349999999999994;-0.00032117910668010756;-29.65;-59.95;1464.454345703125;-21.849999999999998;-59.150000000000006;21.78432273864746
2021-06-26-0300;-29.0616;-53.784;15;15;-61.284;-46.284;-36.5616;-21.5616;-21.75;-54.05;-0.00026737363379377045;-29.549999999999997;-59.95;1464.4239501953125;-22.349999999999998;-58.95;22.213001251220703
2021-06-26-0400;-29.0616;-53.784;15;15;-61.284;-46.284;-36.5616;-21.5616;-26.349999999999998;-51.55;-0.00026380413461692847;-31.049999999999997;-59.95;1460.916015625;-22.95;-58.849999999999994;22.735139846801758
2021-06-26-0500;-29.0616;-53.784;15;15;-61.284;-46.284;-36.5616;-21.5616;-27.75;-48.95;-0.000277296527940168;-26.45;-59.95;1459.229248046875;-23.45;-58.650000000000006;22.87117576599121
2021-06-26-0600;-29.0616;-53.784;15;15;-61.284;-46.284;-36.5616;-21.5616;-27.75;-48.95;-0.00029734895445728866;-25.75;-59.95;1458.9056396484375;-21.75;-59.75;23.192134857177734
2021-06-26-0700;-29.0616;-53.784;15;15;-61.284;-46.284;-36.5616;-21.5616;-27.75;-48.95;-0.0002885279956864498;-25.849999999999998;-59.95;1458.302490234375;-21.65;-59.650000000000006;24.72657012939453
2021-06-26-0800;-29.0616;-53.784;15;15;-61.284;-46.284;-36.5616;-21.5616;-30.15;-52.55;-0.00040096185648022065;-31.85;-59.849999999999994;1456.2645263671875;-21.65;-59.55;26.13734245300293
2021-06-26-0900;-29.0616;-53.784;15;15;-61.284;-46.284;-36.5616;-21.5616;-29.45;-54.45;-0.00048317971318514893;-31.85;-59.25;1457.104736328125;-21.65;-59.55;27.048154830932617
2021-06-26-1000;-29.0616;-53.784;15;15;-61.284;-46.284;-36.5616;-21.5616;-29.75;-53.849999999999994;-0.0006900711640536958;-29.25;-59.150000000000006;1458.3607177734375;-21.65;-59.55;27.444604873657227
2021-06-26-1100;-29.0616;-53.784;15;15;-61.284;-46.284;-36.5616;-21.5616;-30.049999999999997;-53.25;-0.0007618749274624212;-30.25;-56.650000000000006;1452.1693115234375;-21.75;-59.45;27.288864135742188
2021-06-26-1200;-29.0616;-53.784;15;15;-61.284;-46.284;-36.5616;-21.5616;-29.549999999999997;-56.55;-0.0008416148739207815;-31.35;-57.349999999999994;1452.515869140625;-21.65;-59.95;27.261066436767578
2021-06-26-1300;-29.0616;-53.784;15;15;-61.284;-46.284;-36.5616;-21.5616;-29.75;-55.95;-0.0010040126359618239;-30.049999999999997;-55.849999999999994;1450.366455078125;-21.65;-59.95;27.586685180664062
2021-06-26-1400;-29.0616;-53.784;15;15;-61.284;-46.284;-36.5616;-21.5616;-30.15;-55.25;-0.0008642580501944095;-30.35;-57.05;1449.241455078125;-21.65;-59.95;28.053964614868164
2021-06-26-1500;-29.0616;-53.784;15;15;-61.284;-46.284;-36.5616;-21.5616;-30.45;-54.55;-0.0009021621773938336;-31.45;-55.95;1443.5692138671875;-28.75;-53.849999999999994;27.086227416992188
2021-06-26-1600;-29.0616;-53.784;15;15;-61.284;-46.284;-36.5616;-21.5616;-30.85;-53.849999999999994;-0.0008881876613314614;-31.65;-54.650000000000006;1436.9053955078125;-29.25;-53.650000000000006;28.433870315551758
2021-06-26-1700;-29.0616;-53.784;15;15;-61.284;-46.284;-36.5616;-21.5616;-31.25;-53.05;-0.0009146285675570584;-31.45;-52.95;1435.577880859375;-29.049999999999997;-52.55;28.707204818725586
2021-06-26-1800;-29.0616;-53.784;15;15;-61.284;-46.284;-36.5616;-21.5616;-31.65;-52.25;-0.0009206893196201602;-31.95;-52.150000000000006;1437.968994140625;-30.95;-51.25;27.471582412719727
2021-06-26-1900;-29.7839;-53.0463;15;15;-60.5463;-45.5463;-37.2839;-22.2839;-32.05;-51.55;-0.0008805665378370174;-31.15;-56.150000000000006;1433.6414794921875;-31.25;-51.05;27.11924171447754
2021-06-26-2000;-30.5597;-52.4702;15;15;-59.9702;-44.9702;-38.0597;-23.0597;-32.45;-50.849999999999994;-0.0011250847054661336;-32.55;-54.150000000000006;1432.3592529296875;-32.25;-50.650000000000006;26.58514976501465
2021-06-26-2100;-31.5714;-52.5054;15;15;-60.0054;-45.0054;-39.0714;-24.0714;-33.05;-50.150000000000006;-0.0011243366142052848;-32.150000000000006;-55.05;1432.214599609375;-29.549999999999997;-51.650000000000006;26.498626708984375
2021-06-26-2200;-33.1248;-52.1731;15;15;-59.6731;-44.6731;-40.6248;-25.6248;-33.25;-49.75;-0.001271918009181614;-33.05;-53.650000000000006;1430.3424072265625;-29.35;-51.45;27.927637100219727
2021-06-26-2300;-33.7624;-51.4608;15;15;-58.9608;-43.9608;-41.2624;-26.2624;-34.650000000000006;-51.45;-0.0012425299611400964;-34.150000000000006;-52.45;1429.5435791015625;-29.65;-50.650000000000006;28.918004989624023
2021-06-27-0000;-34.3839;-50.9119;15;15;-58.4119;-43.4119;-41.8839;-26.883899999999997;-33.849999999999994;-48.05;-0.0016189297591555612;-34.95;-51.25;1420.9053955078125;-28.75;-49.95;28.690805435180664
2021-06-27-0100;-34.4438;-51.0945;15;15;-58.5945;-43.5945;-41.9438;-26.943800000000003;-34.25;-47.25;-0.0015767490010081624;-34.849999999999994;-51.25;1420.4906005859375;-29.35;-50.650000000000006;31.252296447753906
2021-06-27-0200;-34.6728;-50.9416;15;15;-58.4416;-43.4416;-42.1728;-27.172800000000002;-34.849999999999994;-46.349999999999994;-0.001394506303336024;-34.95;-51.25;1416.5811767578125;-32.95;-47.150000000000006;33.317962646484375
2021-06-27-0300;-34.8294;-50.7805;15;15;-58.2805;-43.2805;-42.3294;-27.3294;-35.150000000000006;-45.650000000000006;-0.0012567631504315413;-34.95;-51.25;1410.5953369140625;-33.95;-46.25;34.605804443359375
2021-06-27-0400;-34.9016;-50.7879;15;15;-58.2879;-43.2879;-42.4016;-27.401600000000002;-35.45;-44.75;-0.001197487442559244;-35.150000000000006;-51.150000000000006;1406.604248046875;-34.349999999999994;-44.95;35.121063232421875
2021-06-27-0500;-35.1244;-50.7216;15;15;-58.2216;-43.2216;-42.6244;-27.6244;-35.650000000000006;-44.25;-0.0013560991980331267;-35.349999999999994;-50.95;1401.7193603515625;-35.45;-44.45;36.083740234375
2021-06-27-0600;-35.3412;-50.7435;15;15;-58.2435;-43.2435;-42.8412;-27.8412;-35.95;-43.65;-0.0013775088977932839;-35.349999999999994;-50.75;1396.3480224609375;-35.849999999999994;-43.55;32.84611892700195
2021-06-27-0700;-35.4858;-50.7582;15;15;-58.2582;-43.2582;-42.9858;-27.985799999999998;-36.45;-43.75;-0.0008887706212612489;-35.45;-50.650000000000006;1397.404541015625;-33.650000000000006;-45.75;32.858150482177734
2021-06-27-0800;-35.7868;-50.6095;15;15;-58.1095;-43.1095;-43.2868;-28.2868;-36.650000000000006;-43.25;-0.0009332724864990506;-35.55;-50.349999999999994;1395.16650390625;-34.05;-44.75;34.48313903808594
2021-06-27-0900;-36.0096;-50.5419;15;15;-58.0419;-43.0419;-43.5096;-28.5096;-36.95;-44.45;-0.0007462982142061709;-35.55;-50.25;1397.46728515625;-34.05;-44.05;35.072818756103516
2021-06-27-1000;-36.1542;-50.5563;15;15;-58.0563;-43.0563;-43.6542;-28.654200000000003;-37.05;-45.05;-0.0006666782182600647;-35.849999999999994;-50.05;1398.5980224609375;-34.25;-43.349999999999994;33.992000579833984
2021-06-27-1100;-36.4493;-50.4954;15;15;-57.9954;-42.9954;-43.9493;-28.9493;-36.45;-43.65;-0.0009615518104835951;-36.45;-50.349999999999994;1399.842041015625;-36.45;-43.45;32.385562896728516
2021-06-27-1200;-36.5998;-50.4197;15;15;-57.9197;-42.9197;-44.0998;-29.099800000000002;-37.05;-43.25;-0.0009991303941376578;-36.650000000000006;-50.349999999999994;1398.0030517578125;-34.45;-42.95;31.468303680419922
2021-06-27-1300;-36.8834;-50.5388;15;15;-58.0388;-43.0388;-44.3834;-29.3834;-38.45;-52.650000000000006;-0.0009841062643835567;-36.849999999999994;-50.349999999999994;1399.62255859375;-34.05;-43.25;30.977693557739258
2021-06-27-1400;-37.1668;-50.6588;15;15;-58.1588;-43.1588;-44.6668;-29.666800000000002;-38.55;-52.849999999999994;-0.001190704479315511;-37.05;-50.45;1398.1649169921875;-32.75;-44.650000000000006;29.095233917236328
2021-06-27-1500;-37.1119;-50.3793;15;15;-57.8793;-42.8793;-44.6119;-29.6119;-38.650000000000006;-53.150000000000006;-0.0012339070075912334;-37.25;-50.45;1389.18310546875;-34.150000000000006;-42.95;28.981822967529297
2021-06-27-1600;-37.407;-50.3169;15;15;-57.8169;-42.8169;-44.907;-29.906999999999996;-38.349999999999994;-52.849999999999994;-0.00150867074841646;-38.349999999999994;-52.75;1378.8695068359375;-34.25;-42.849999999999994;28.957380294799805
2021-06-27-1700;-37.6241;-50.3383;15;15;-57.8383;-42.8383;-45.1241;-30.1241;-38.55;-53.05;-0.001271124722888963;-38.349999999999994;-52.95;1376.87744140625;-39.45;-52.25;27.582611083984375
2021-06-27-1800;-37.9078;-50.4588;15;15;-57.9588;-42.9588;-45.4078;-30.4078;-38.55;-53.150000000000006;-0.0017072884441261653;-38.150000000000006;-53.150000000000006;1367.498291015625;-39.150000000000006;-53.150000000000006;27.897253036499023
2021-06-27-1900;-38.1913;-50.5802;15;15;-58.0802;-43.0802;-45.6913;-30.6913;-38.75;-53.25;-0.002132914967773592;-39.150000000000006;-51.45;1351.0185546875;-38.849999999999994;-53.349999999999994;30.972774505615234
2021-06-27-2000;-38.4807;-50.6101;15;15;-58.1101;-43.1101;-45.9807;-30.9807;-38.75;-53.45;-0.002296143487753048;-39.45;-51.650000000000006;1333.376953125;-39.45;-51.650000000000006;35.713462829589844
2021-06-27-2100;-38.9308;-51.4997;15;15;-58.9997;-43.9997;-46.4308;-31.430799999999998;-38.55;-53.55;-0.0019155767072812479;-39.55;-51.95;1326.8011474609375;-39.55;-51.95;41.1597785949707
2021-06-27-2200;-38.645;-52.3998;15;15;-59.8998;-44.8998;-46.145;-31.145000000000003;-38.349999999999994;-53.650000000000006;-0.002252725734606206;-38.55;-53.150000000000006;1332.1605224609375;-39.75;-52.349999999999994;37.718563079833984
2021-06-27-2300;-38.68;-52.8716;15;15;-60.3716;-45.3716;-46.18;-31.18;-38.150000000000006;-53.650000000000006;-0.0022073441126545658;-39.45;-52.45;1329.5262451171875;-39.95;-51.45;38.14655685424805
2021-06-28-0000;-38.8249;-52.8473;15;15;-60.3473;-45.3473;-46.3249;-31.3249;-38.05;-53.55;-0.0022107940831759343;-39.25;-52.95;1314.898681640625;-40.150000000000006;-51.849999999999994;39.951393127441406
2021-06-28-0100;-38.7368;-53.0664;15;15;-60.5664;-45.5664;-46.2368;-31.236800000000002;-37.849999999999994;-53.55;-0.001774336094819764;-38.55;-53.05;1300.2440185546875;-40.150000000000006;-53.05;42.830081939697266
2021-06-28-0200;-38.5847;-53.1388;15;15;-60.6388;-45.6388;-46.0847;-31.084699999999998;-37.75;-53.45;-0.0015937001323403244;-38.650000000000006;-53.150000000000006;1280.274658203125;-39.95;-53.75;44.201011657714844
2021-06-28-0300;-38.6489;-53.2412;15;15;-60.7412;-45.7412;-46.1489;-31.148899999999998;-37.75;-53.150000000000006;-0.0015332233183451473;-38.650000000000006;-53.150000000000006;1271.517333984375;-39.349999999999994;-54.650000000000006;44.075504302978516
2021-06-28-0400;-38.6249;-53.5182;15;15;-61.0182;-46.0182;-46.1249;-31.124899999999997;-37.75;-52.95;-0.001227747463529739;-38.650000000000006;-53.55;1264.0228271484375;-38.849999999999994;-55.05;42.472129821777344
2021-06-28-0500;-38.5364;-53.6922;15;15;-61.1922;-46.1922;-46.0364;-31.0364;-40.75;-52.05;-0.0012120480451400684;-38.55;-53.75;1262.718017578125;-39.55;-55.349999999999994;40.33039474487305
2021-06-28-0600;-38.3756;-53.8551;15;15;-61.3551;-46.3551;-45.8756;-30.8756;-40.55;-53.849999999999994;-0.0013305896464995857;-38.349999999999994;-53.849999999999994;1262.8135986328125;-39.05;-56.25;36.72156524658203
2021-06-28-0700;-38.2231;-53.9255;15;15;-61.4255;-46.4255;-45.7231;-30.723100000000002;-38.849999999999994;-52.25;-0.001270990482040066;-38.25;-53.95;1260.85205078125;-40.349999999999994;-54.95;36.01532745361328
2021-06-28-0800;-38.2231;-53.9255;15;15;-61.4255;-46.4255;-45.7231;-30.723100000000002;-41.05;-53.05;-0.0015162946133618312;-38.150000000000006;-53.95;1257.8984375;-41.150000000000006;-53.05;35.744991302490234
2021-06-28-0900;-38.0704;-53.9957;15;15;-61.4957;-46.4957;-45.5704;-30.5704;-41.25;-52.05;-0.0011588908698708753;-38.05;-53.95;1255.97509765625;-40.55;-55.05;33.26864242553711
2021-06-28-1000;-38.0704;-53.9957;15;15;-61.4957;-46.4957;-45.5704;-30.5704;-37.55;-53.849999999999994;-0.0012088272823453006;-37.95;-54.05;1258.7535400390625;-40.650000000000006;-55.05;32.72471237182617
2021-06-28-1100;-37.9898;-54.0764;15;15;-61.5764;-46.5764;-45.4898;-30.489800000000002;-41.25;-52.95;-0.0011198153490980074;-37.95;-53.95;1258.864013671875;-37.849999999999994;-57.849999999999994;31.464134216308594
2021-06-28-1200;-37.9092;-54.1569;15;15;-61.6569;-46.6569;-45.4092;-30.4092;-37.45;-53.650000000000006;-0.0010195554211923784;-37.849999999999994;-54.150000000000006;1261.255859375;-38.05;-55.650000000000006;31.879682540893555
2021-06-28-1300;-37.8285;-54.2372;15;15;-61.7372;-46.7372;-45.3285;-30.3285;-41.150000000000006;-49.650000000000006;-0.0010322271086209466;-37.75;-54.25;1268.3670654296875;-36.25;-57.25;29.98583221435547
2021-06-28-1400;-37.5228;-54.3752;15;15;-61.8752;-46.8752;-45.0228;-30.022799999999997;-41.349999999999994;-50.05;-0.0010053399271082008;-37.55;-54.349999999999994;1273.64111328125;-37.25;-57.650000000000006;29.939924240112305
2021-06-28-1500;-37.3788;-54.3531;15;15;-61.8531;-46.8531;-44.8788;-29.8788;-41.150000000000006;-48.849999999999994;-0.0009158868289578163;-37.349999999999994;-54.25;1273.790283203125;-36.650000000000006;-57.75;29.082962036132812
2021-06-28-1600;-37.1713;-54.2297;15;15;-61.7297;-46.7297;-44.6713;-29.671300000000002;-41.25;-48.75;-0.0009478956227408203;-37.25;-54.25;1271.7042236328125;-36.150000000000006;-55.349999999999994;30.674388885498047
2021-06-28-1700;-37.0992;-54.2189;15;15;-61.7189;-46.7189;-44.5992;-29.599200000000003;-41.45;-49.05;-0.0009970411821671893;-37.150000000000006;-54.150000000000006;1272.5921630859375;-35.849999999999994;-55.150000000000006;31.88631820678711
2021-06-28-1800;-36.9637;-54.1071;15;15;-61.6071;-46.6071;-44.4637;-29.463700000000003;-41.55;-49.55;-0.0010084363658759068;-37.05;-54.05;1274.71044921875;-35.45;-54.650000000000006;31.403064727783203
2021-06-28-1900;-36.8281;-53.9956;15;15;-61.4956;-46.4956;-44.3281;-29.3281;-41.650000000000006;-50.05;-0.0008512492725740235;-36.849999999999994;-53.95;1276.8792724609375;-35.150000000000006;-54.75;31.863744735717773
2021-06-28-2000;-36.7008;-53.7946;15;15;-61.2946;-46.2946;-44.2008;-29.2008;-36.849999999999994;-53.55;-0.0008990257187922506;-36.650000000000006;-53.75;1279.8702392578125;-34.849999999999994;-54.05;32.912574768066406
2021-06-28-2100;-36.5731;-53.5944;15;15;-61.0944;-46.0944;-44.0731;-29.073099999999997;-36.45;-53.25;-0.0008033650167423648;-36.55;-53.55;1285.1590576171875;-34.75;-53.25;32.19587707519531
2021-06-28-2200;-36.3809;-53.2953;15;15;-60.7953;-45.7953;-43.8809;-28.880899999999997;-36.45;-53.05;-0.0008997807620100273;-36.45;-53.25;1291.435546875;-34.75;-55.05;30.63203239440918
2021-06-28-2300;-36.4121;-52.9368;15;15;-60.4368;-45.4368;-43.9121;-28.912100000000002;-41.05;-52.25;-0.0009492830089540707;-36.45;-52.95;1295.55078125;-34.349999999999994;-54.650000000000006;33.413272857666016
2021-06-29-0000;-36.4273;-52.7574;15;15;-60.2574;-45.2574;-43.9273;-28.927300000000002;-40.849999999999994;-52.650000000000006;-0.0010182514023179292;-36.45;-52.75;1298.195556640625;-33.95;-54.349999999999994;31.225313186645508
2021-06-29-0100;-36.2905;-52.6492;15;15;-60.1492;-45.1492;-43.7905;-28.7905;-40.650000000000006;-53.05;-0.0008824229162366583;-36.25;-52.650000000000006;1300.468017578125;-34.55;-53.45;29.80954933166504
2021-06-29-0200;-36.233;-52.461;15;15;-59.961;-44.961;-43.733;-28.732999999999997;-36.45;-52.45;-0.0008284442975105282;-36.25;-52.349999999999994;1300.131103515625;-34.25;-53.05;30.78491973876953
2021-06-29-0300;-36.2546;-52.1924;15;15;-59.6924;-44.6924;-43.7546;-28.754600000000003;-36.849999999999994;-52.45;-0.0009062467825555554;-36.25;-52.150000000000006;1294.832763671875;-34.05;-52.45;30.873565673828125
2021-06-29-0400;-36.2034;-51.9152;15;15;-59.4152;-44.4152;-43.7034;-28.703400000000002;-36.349999999999994;-52.150000000000006;-0.0008843169376181045;-36.25;-51.95;1289.9605712890625;-34.05;-51.650000000000006;29.204944610595703
2021-06-29-0500;-36.2102;-51.8257;15;15;-59.3257;-44.3257;-43.7102;-28.7102;-36.349999999999994;-51.650000000000006;-0.0008916464750176208;-36.25;-51.75;1288.280517578125;-33.75;-52.349999999999994;28.00101089477539
2021-06-29-0600;-36.1515;-51.6383;15;15;-59.1383;-44.1383;-43.6515;-28.6515;-36.150000000000006;-51.95;-0.0009548219743011442;-36.150000000000006;-51.650000000000006;1287.663818359375;-33.349999999999994;-51.75;27.83086585998535
2021-06-29-0700;-36.0136;-51.5325;15;15;-59.0325;-44.0325;-43.5136;-28.513599999999997;-36.150000000000006;-51.849999999999994;-0.0010449730805764876;-36.05;-51.55;1285.55419921875;-28.849999999999998;-49.95;28.58935546875
2021-06-29-0800;-35.9544;-51.3459;15;15;-58.8459;-43.8459;-43.4544;-28.4544;-35.95;-51.75;-0.0010450511163508011;-35.849999999999994;-51.349999999999994;1281.035400390625;-35.849999999999994;-51.95;30.787633895874023
2021-06-29-0900;-35.8226;-51.1518;15;15;-58.6518;-43.6518;-43.3226;-28.3226;-35.650000000000006;-51.55;-0.0012959277288303098;-35.75;-51.150000000000006;1280.6435546875;-35.650000000000006;-51.75;34.9471321105957
2021-06-29-1000;-35.6905;-50.9583;15;15;-58.4583;-43.4583;-43.1905;-28.1905;-35.25;-51.05;-0.0015673895077846988;-35.650000000000006;-50.95;1281.5335693359375;-35.25;-51.45;36.97230911254883
2021-06-29-1100;-35.353;-50.5663;15;15;-58.0663;-43.0663;-42.853;-27.853;-35.150000000000006;-50.45;-0.001821493328263666;-35.349999999999994;-50.55;1279.5362548828125;-34.95;-50.95;37.4881706237793
2021-06-29-1200;-35.3759;-50.2116;15;15;-57.7116;-42.7116;-42.8759;-27.8759;-35.05;-50.05;-0.0015585422390752067;-35.349999999999994;-50.25;1274.596435546875;-34.75;-50.25;37.503013610839844
2021-06-29-1300;-35.3199;-49.939;15;15;-57.439;-42.439;-42.8199;-27.819899999999997;-35.150000000000006;-49.45;-0.0015155639946961195;-35.349999999999994;-49.95;1274.426513671875;-34.75;-49.75;37.38551330566406
2021-06-29-1400;-35.2685;-49.5781;15;15;-57.0781;-42.0781;-42.7685;-27.768500000000003;-35.45;-49.25;-0.0015864581966721254;-35.25;-49.55;1274.2825927734375;-34.650000000000006;-49.25;36.01083755493164
2021-06-29-1500;-35.211;-49.3063;15;15;-56.8063;-41.8063;-42.711;-27.711;-35.45;-49.45;-0.0011678044325967017;-35.150000000000006;-49.25;1269.53515625;-34.650000000000006;-48.75;36.45756912231445
2021-06-29-1600;-35.0898;-48.8523;15;15;-56.3523;-41.3523;-42.5898;-27.589799999999997;-34.849999999999994;-48.95;-0.0011424004151918995;-35.05;-48.849999999999994;1274.5311279296875;-34.45;-48.55;35.97486877441406
2021-06-29-1700;-35.1115;-48.41;15;15;-55.91;-40.91;-42.6115;-27.6115;-35.150000000000006;-48.25;-0.0011162062060469586;-35.150000000000006;-48.45;1279.6187744140625;-34.349999999999994;-47.95;34.881065368652344
2021-06-29-1800;-35.1277;-48.0559;15;15;-55.5559;-40.5559;-42.6277;-27.627699999999997;-35.25;-48.05;-0.0011710397352772653;-35.150000000000006;-48.150000000000006;1284.87890625;-34.349999999999994;-47.650000000000006;33.26005554199219
2021-06-29-1900;-35.063;-47.8742;15;15;-55.3742;-40.3742;-42.563;-27.563000000000002;-35.150000000000006;-48.05;-0.001050812668547192;-35.05;-47.849999999999994;1287.5045166015625;-33.95;-47.650000000000006;33.10117721557617
2021-06-29-2000;-34.9326;-47.5118;15;15;-55.0118;-40.0118;-42.4326;-27.4326;-34.849999999999994;-47.650000000000006;-0.0009787632875172883;-34.95;-47.45;1290.3436279296875;-34.150000000000006;-47.05;32.724178314208984
2021-06-29-2100;-34.8043;-47.0624;15;15;-54.5624;-39.5624;-42.3043;-27.304299999999998;-34.849999999999994;-47.349999999999994;-0.0009742402998348485;-34.849999999999994;-47.05;1297.629150390625;-34.05;-46.75;32.02760314941406
2021-06-29-2200;-34.7467;-46.6179;15;15;-54.1179;-39.1179;-42.2467;-27.246699999999997;-34.849999999999994;-46.55;-0.00099106768193667;-34.849999999999994;-46.55;1299.211181640625;-33.75;-46.650000000000006;31.218883514404297
2021-06-29-2300;-34.8298;-46.2683;15;15;-53.7683;-38.7683;-42.3298;-27.3298;-41.25;-38.849999999999994;-0.001224641904903735;-34.849999999999994;-46.25;1299.7066650390625;-28.849999999999998;-49.95;31.141130447387695
2021-06-30-0000;-34.8394;-45.9152;15;15;-53.4152;-38.4152;-42.3394;-27.339399999999998;-41.150000000000006;-38.55;-0.0013225129794225345;-34.849999999999994;-45.95;1299.6304931640625;-28.849999999999998;-49.95;29.927284240722656
2021-06-30-0100;-34.7009;-45.6454;15;15;-53.1454;-38.1454;-42.2009;-27.200899999999997;-40.95;-38.25;-0.001371766765638913;-34.75;-45.650000000000006;1301.61376953125;-33.55;-45.25;30.208484649658203
2021-06-30-0200;-34.6361;-45.2906;15;15;-52.7906;-37.7906;-42.1361;-27.1361;-40.849999999999994;-37.95;-0.0014089208009308899;-40.95;-37.849999999999994;1301.4366455078125;-33.349999999999994;-44.75;29.470714569091797
2021-06-30-0300;-34.5686;-45.0245;15;15;-52.5245;-37.5245;-42.0686;-27.068600000000004;-40.650000000000006;-37.55;-0.0011667512961879354;-40.849999999999994;-37.55;1300.986083984375;-34.05;-45.75;29.095170974731445
2021-06-30-0400;-34.4281;-44.7572;15;15;-52.2572;-37.2572;-41.9281;-26.9281;-27.849999999999998;-49.25;-0.0010528701757704364;-34.45;-44.75;1307.4510498046875;-34.349999999999994;-45.650000000000006;30.176219940185547
2021-06-30-0500;-34.2869;-44.4909;15;15;-51.9909;-36.9909;-41.7869;-26.786900000000003;-34.25;-44.650000000000006;-0.00091866077300832;-34.25;-44.45;1310.1644287109375;-33.95;-45.349999999999994;31.03655433654785
2021-06-30-0600;-34.0727;-44.2244;15;15;-51.7244;-36.7244;-41.5727;-26.572699999999998;-27.95;-49.349999999999994;-0.0009652449095014426;-34.05;-44.150000000000006;1316.460205078125;-33.95;-45.05;30.999101638793945
2021-06-30-0700;-33.858;-43.9594;15;15;-51.4594;-36.4594;-41.358;-26.357999999999997;-27.95;-49.349999999999994;-0.0010458657340945711;-33.849999999999994;-43.95;1319.6407470703125;-33.55;-44.650000000000006;31.863449096679688
2021-06-30-0800;-33.6432;-43.6088;15;15;-51.1088;-36.1088;-41.1432;-26.1432;-27.65;-49.349999999999994;-0.000996846094122236;-33.650000000000006;-43.55;1321.3001708984375;-33.55;-44.55;31.025039672851562
2021-06-30-0900;-33.4995;-43.3473;15;15;-50.8473;-35.8473;-40.9995;-25.999499999999998;-27.65;-49.45;-0.001065047539997374;-33.45;-43.349999999999994;1330.88525390625;-33.25;-44.25;31.069562911987305
2021-06-30-1000;-33.2829;-43.0;15;15;-50.5;-35.5;-40.7829;-25.782899999999998;-33.55;-43.05;-0.0010133675877209316;-33.349999999999994;-43.05;1336.2144775390625;-33.150000000000006;-44.150000000000006;30.11933708190918
2021-06-30-1100;-33.1378;-42.7408;15;15;-50.2408;-35.2408;-40.6378;-25.6378;-33.349999999999994;-42.75;-0.001046506311883333;-33.150000000000006;-42.75;1345.196044921875;-32.95;-43.45;29.246915817260742
2021-06-30-1200;-32.8475;-42.4834;15;15;-49.9834;-34.9834;-40.3475;-25.347499999999997;-33.05;-42.75;-0.0009886716412290605;-32.849999999999994;-42.55;1351.36962890625;-32.55;-43.25;29.384971618652344
2021-06-30-1300;-32.6291;-42.2273;15;15;-49.7273;-34.7273;-40.1291;-25.1291;-32.75;-42.05;-0.000991370320980849;-32.650000000000006;-42.25;1359.6251220703125;-32.650000000000006;-42.95;28.78398323059082
2021-06-30-1400;-32.4101;-41.9725;15;15;-49.4725;-34.4725;-39.9101;-24.9101;-32.650000000000006;-41.95;-0.000976940752748307;-32.45;-42.05;1366.9609375;-32.05;-42.75;28.73906898498535
2021-06-30-1500;-32.1916;-41.8046;15;15;-49.3046;-34.3046;-39.6916;-24.6916;-32.349999999999994;-41.65;-0.0010107657970333445;-32.25;-41.75;1366.2745361328125;-31.95;-42.55;27.682798385620117
2021-06-30-1600;-31.9719;-41.5524;15;15;-49.0524;-34.0524;-39.471900000000005;-24.4719;-32.150000000000006;-41.45;-0.001039960606091919;-31.95;-41.55;1372.6702880859375;-31.65;-43.05;27.129234313964844
2021-06-30-1700;-31.7529;-41.3865;15;15;-48.8865;-33.8865;-39.2529;-24.2529;-31.95;-41.25;-0.000979540209867375;-31.75;-41.25;1378.4635009765625;-31.25;-42.849999999999994;26.69786262512207
2021-06-30-1800;-31.4587;-41.054;15;15;-48.554;-33.554;-38.9587;-23.9587;-31.65;-40.95;-0.0009578957149057896;-31.549999999999997;-41.05;1386.903076171875;-31.35;-41.65;26.558364868164062
2021-06-30-1900;-31.2392;-40.8905;15;15;-48.3905;-33.3905;-38.7392;-23.7392;-31.45;-40.849999999999994;-0.00099080978403257;-31.25;-40.849999999999994;1392.5941162109375;-31.049999999999997;-41.55;27.027387619018555
2021-06-30-2000;-31.0177;-40.6438;15;15;-48.1438;-33.1438;-38.517700000000005;-23.5177;-31.15;-40.65;-0.0009956806707136787;-30.95;-40.65;1398.148681640625;-30.85;-41.349999999999994;27.23405647277832
2021-06-30-2100;-30.7257;-40.4846;15;15;-47.9846;-32.9846;-38.2257;-23.2257;-30.85;-40.349999999999994;-0.0009674053212003351;-30.65;-40.45;1408.2996826171875;-30.549999999999997;-41.15;27.31545066833496
2021-06-30-2200;-30.3616;-40.3289;15;15;-47.8289;-32.8289;-37.861599999999996;-22.8616;-30.45;-40.15;-0.0009964921381889222;-30.45;-40.25;1415.4935302734375;-30.25;-40.95;27.044551849365234
2021-06-30-2300;-30.1393;-40.0864;15;15;-47.5864;-32.5864;-37.6393;-22.6393;-30.25;-39.95;-0.0010070371639050494;-30.15;-40.05;1426.047119140625;-30.049999999999997;-40.75;26.602548599243164
2021-07-01-0000;-29.8471;-39.9309;15;15;-47.4309;-32.4309;-37.3471;-22.3471;-29.95;-39.75;-0.001024851193723376;-29.85;-39.849999999999994;1434.5111083984375;-29.65;-40.55;25.753957748413086
