time;Lat;Lon;length;width;min_lon;max_lon;min_lat;max_lat;min_max_zeta_850_lat;min_max_zeta_850_lon;min_max_zeta_850;min_hgt_850_lat;min_hgt_850_lon;min_hgt_850;max_wind_850_lat;max_wind_850_lon;max_wind_850
2021-06-25-0000;-29.25;-54.5;15;15;-62.0;-47.0;-36.75;-21.75;-36.75;-52.25;-0.00035644589853178386;-36.75;-51.5;1282.552001953125;-36.75;-47.0;35.60581970214844
2021-06-25-0600;-29.25;-54.5;15;15;-62.0;-47.0;-36.75;-21.75;-36.75;-48.75;-0.0003131681412956397;-36.75;-48.5;1302.6614990234375;-36.75;-49.75;33.894439697265625
2021-06-25-1200;-29.25;-54.5;15;15;-62.0;-47.0;-36.75;-21.75;-27.5;-57.25;-0.00012530147357106647;-36.75;-47.25;1391.2578125;-36.75;-51.25;22.1209774017334
2021-06-25-1800;-29.25;-54.5;15;15;-62.0;-47.0;-36.75;-21.75;-36.0;-61.75;-0.00010850588236411654;-36.75;-47.0;1432.120849609375;-32.75;-62.0;18.805133819580078
2021-06-26-0000;-29.25;-54.5;15;15;-62.0;-47.0;-36.75;-21.75;-34.5;-61.5;-0.00012665125077982963;-33.0;-62.0;1454.300537109375;-21.75;-61.0;22.1148738861084
2021-06-26-0600;-29.25;-54.5;15;15;-62.0;-47.0;-36.75;-21.75;-35.5;-61.25;-0.00020782990672973912;-25.5;-62.0;1448.058349609375;-21.75;-60.75;23.611352920532227
2021-06-26-1200;-29.25;-54.5;15;15;-62.0;-47.0;-36.75;-21.75;-27.5;-58.5;-0.0002728033045367597;-32.0;-58.25;1446.7769775390625;-26.75;-57.0;31.86354637145996
2021-06-26-1800;-29.25;-54.5;15;15;-62.0;-47.0;-36.75;-21.75;-27.75;-56.75;-0.00038299762898379066;-32.5;-55.25;1427.898681640625;-29.5;-54.25;28.501863479614258
2021-06-27-0000;-34.0;-52.25;15;15;-59.75;-44.75;-41.5;-26.5;-29.0;-53.25;-0.0003832136142088087;-34.0;-53.0;1414.741943359375;-33.5;-46.5;26.056270599365234
2021-06-27-0600;-35.75;-51.75;15;15;-59.25;-44.25;-43.25;-28.25;-35.75;-47.25;-0.0004675711382951636;-36.0;-52.25;1382.3133544921875;-35.25;-44.25;34.22715759277344
2021-06-27-1200;-37.25;-51.5;15;15;-59.0;-44.0;-44.75;-29.75;-37.5;-52.0;-0.0006472445360803703;-37.5;-51.75;1348.9654541015625;-33.75;-44.75;31.1187686920166
2021-06-27-1800;-38.75;-52.25;15;15;-59.75;-44.75;-46.25;-31.25;-38.75;-52.5;-0.0012487727757172849;-38.75;-52.25;1240.370849609375;-39.25;-52.5;36.2502326965332
2021-06-28-0000;-39.0;-52.25;15;15;-59.75;-44.75;-46.5;-31.5;-39.0;-52.25;-0.0007967642769766815;-39.0;-52.25;1217.8056640625;-40.5;-53.25;38.423912048339844
2021-06-28-0600;-38.5;-53.0;15;15;-60.5;-45.5;-46.0;-31.0;-38.5;-53.25;-0.0007243127246797751;-38.5;-53.0;1222.1390380859375;-39.25;-56.0;32.21277618408203
2021-06-28-1200;-37.75;-53.0;15;15;-60.5;-45.5;-45.25;-30.25;-37.75;-53.0;-0.0006648000798472084;-37.75;-53.0;1237.2113037109375;-38.5;-55.25;31.87409782409668
2021-06-28-1800;-37.25;-52.5;15;15;-60.0;-45.0;-44.75;-29.75;-37.25;-52.5;-0.0006260887291252632;-37.25;-52.5;1253.1614990234375;-35.5;-52.0;28.805749893188477
2021-06-29-0000;-37.0;-52.0;15;15;-59.5;-44.5;-44.5;-29.5;-37.0;-52.25;-0.0006093958656516003;-37.0;-52.0;1285.9891357421875;-37.75;-53.0;27.77556037902832
2021-06-29-0600;-35.75;-51.75;15;15;-59.25;-44.25;-43.25;-28.25;-35.75;-51.75;-0.0006076433869493375;-35.75;-51.75;1293.2921142578125;-35.75;-53.0;32.31029510498047
2021-06-29-1200;-35.0;-50.0;15;15;-57.5;-42.5;-42.5;-27.5;-35.0;-50.0;-0.0005824513621878974;-35.0;-50.0;1307.9278564453125;-33.5;-50.5;30.60579490661621
2021-06-29-1800;-34.25;-48.25;15;15;-55.75;-40.75;-41.75;-26.75;-34.5;-48.25;-0.0005107718685171429;-34.25;-48.25;1325.332275390625;-32.75;-48.0;30.406675338745117
2021-06-30-0000;-33.5;-46.75;15;15;-54.25;-39.25;-41.0;-26.0;-33.5;-46.75;-0.0005080581804526487;-33.5;-46.5;1354.7498779296875;-33.5;-47.75;27.833433151245117
2021-06-30-0600;-32.25;-45.25;15;15;-52.75;-37.75;-39.75;-24.75;-32.0;-45.0;-0.00046399434210628375;-32.25;-45.0;1375.4171142578125;-31.25;-45.75;29.001359939575195
2021-06-30-1200;-31.0;-43.75;15;15;-51.25;-36.25;-38.5;-23.5;-31.25;-43.5;-0.00039884031903063104;-38.5;-36.25;1416.170654296875;-30.0;-45.0;23.421924591064453
2021-06-30-1800;-29.75;-42.25;15;15;-49.75;-34.75;-37.25;-22.25;-29.75;-42.0;-0.0003359779737858755;-37.25;-34.75;1443.37841796875;-28.5;-42.25;19.168977737426758
2021-07-01-0000;-28.5;-41.0;15;15;-48.5;-33.5;-36.0;-21.0;-28.75;-41.0;-0.0002743571302028187;-36.0;-33.5;1484.05517578125;-28.75;-42.5;16.87437629699707
